1000
65 673
443 673
65 142
45 443
174 443
443 778
142 727
45 860
174 912
428 778
89 727
497 860
538 912
290 428
89 243
89 986
89 580
452 497
538 696
290 300
243 992
537 986
580 626
452 928
452 625
501 696
151 300
1 992
91 537
506 537
626 933
320 928
55 928
260 625
501 776
151 552
1 240
91 850
91 779
506 893
350 933
86 320
15 55
260 396
260 541
776 818
78 552
477 552
552 949
240 417
240 594
264 850
678 779
470 893
215 350
350 932
86 612
15 777
396 588
515 541
370 818
78 143
78 98
78 496
78 313
477 582
74 949
417 970
186 594
264 475
678 725
470 728
181 215
932 993
855 932
932 945
612 738
777 796
398 588
515 627
370 995
143 647
98 681
496 546
496 923
496 802
59 313
553 582
494 582
74 887
3 970
162 970
108 186
475 971
475 790
725 916
725 822
49 728
728 938
181 512
181 705
284 993
122 855
516 855
307 855
378 945
945 979
128 738
668 796
398 448
273 627
188 995
647 864
465 681
214 546
83 923
26 802
59 833
407 553
376 494
20 494
132 887
3 974
162 416
108 312
108 862
108 112
413 971
781 790
233 916
491 822
49 807
824 938
168 512
705 878
284 543
115 122
165 516
516 809
307 326
378 674
960 979
52 979
128 160
581 668
448 513
273 851
273 661
188 279
418 864
565 864
465 722
194 214
83 952
26 868
525 833
324 407
247 376
20 51
132 561
132 498
193 974
332 416
50 312
650 862
456 862
112 139
112 641
68 413
124 413
449 781
23 781
233 731
360 491
107 491
607 807
479 824
168 892
48 878
878 953
856 878
372 543
115 329
165 717
476 809
326 347
368 674
960 975
52 921
160 889
80 160
581 872
558 581
513 651
828 851
661 749
279 901
279 388
279 826
238 279
279 732
279 980
170 418
203 418
418 439
565 817
722 902
194 632
194 431
194 265
94 952
584 868
198 525
137 324
39 247
51 587
561 978
498 591
193 983
332 911
34 50
286 650
456 530
36 139
139 167
123 641
68 278
124 920
449 663
23 200
337 731
603 731
360 560
107 910
107 126
379 607
421 479
892 906
48 770
48 334
571 953
258 856
38 372
329 614
488 717
466 476
347 434
368 669
60 975
600 921
671 889
58 80
532 872
441 558
651 991
93 828
749 784
338 901
346 388
578 826
238 751
238 637
163 732
274 980
170 684
203 447
269 439
708 817
435 817
13 902
206 632
431 961
265 798
94 276
584 903
198 726
137 968
39 665
577 587
485 978
192 591
40 591
654 983
199 983
503 911
34 342
286 819
114 286
286 831
96 530
36 958
72 167
123 196
278 846
173 920
371 920
341 920
918 920
646 663
663 936
200 954
222 337
337 563
337 609
337 656
149 603
444 560
771 910
8 126
126 747
379 946
421 829
421 800
780 906
157 770
334 729
263 571
22 258
38 602
514 614
488 566
488 884
466 616
434 852
596 669
60 73
600 642
671 990
58 676
420 532
308 532
532 858
441 677
135 441
441 947
464 991
93 710
189 784
338 900
92 346
12 578
363 751
354 637
163 433
274 999
404 684
229 447
269 849
145 708
282 435
28 435
13 357
206 309
700 961
765 798
276 521
355 903
861 903
323 726
713 968
572 665
469 577
485 909
485 610
192 349
40 837
654 789
197 199
64 503
430 503
106 342
342 419
569 819
114 301
97 831
5 96
63 958
72 803
196 797
196 295
75 846
173 551
371 412
371 716
341 981
882 918
646 914
150 646
874 936
701 954
222 964
47 563
609 739
191 609
217 656
149 988
444 686
682 771
8 840
392 747
208 946
604 829
171 800
303 780
157 813
729 899
263 306
22 745
22 364
423 602
471 514
566 825
236 884
616 704
241 852
483 596
596 620
73 401
116 642
642 804
321 990
676 836
420 785
136 420
308 576
564 858
858 962
7 677
599 677
135 934
318 947
464 670
67 710
189 959
189 598
834 900
92 267
12 408
363 457
354 965
121 433
750 999
399 404
212 229
724 849
145 894
282 348
28 305
327 357
309 366
445 700
35 765
180 521
355 468
764 861
251 323
467 713
572 730
469 966
451 909
683 909
344 610
610 720
349 583
837 863
789 823
197 709
64 71
19 64
430 835
46 106
419 500
322 569
301 358
97 931
97 943
5 310
63 805
536 803
21 797
250 295
75 984
534 551
272 412
450 716
403 981
533 882
14 914
150 795
120 874
758 874
482 701
718 964
47 791
47 715
437 739
191 857
95 191
104 217
830 988
518 686
32 686
682 905
100 682
381 840
103 392
187 208
164 208
495 604
171 649
171 245
298 303
57 303
473 813
644 813
820 899
306 556
253 306
291 306
306 454
745 896
148 364
364 756
364 734
423 925
423 527
471 629
223 825
236 367
374 704
87 704
234 241
427 483
487 620
401 998
401 687
401 409
262 401
116 125
285 804
321 873
711 836
319 785
136 808
576 754
99 564
146 962
7 539
339 599
2 599
362 934
318 748
595 670
67 256
161 959
904 959
175 598
315 834
267 410
408 847
457 606
432 965
121 699
394 750
399 743
212 753
212 842
138 724
402 894
304 348
348 648
305 985
327 786
366 694
445 875
35 182
180 502
288 468
468 645
764 951
251 302
467 689
467 832
325 467
219 467
205 467
220 730
523 966
451 692
109 683
344 746
344 827
693 720
720 940
105 720
583 752
863 869
292 823
709 723
672 709
71 635
19 375
19 369
130 835
46 281
127 500
224 322
358 605
27 931
943 994
79 310
70 805
805 963
117 536
21 195
21 623
250 559
54 984
207 534
272 359
352 450
403 585
533 794
14 227
795 801
120 799
575 758
482 638
147 718
791 955
154 791
695 715
437 549
437 867
437 703
69 857
95 982
104 545
104 898
567 830
550 830
518 611
32 845
32 544
460 905
905 937
100 140
381 574
103 634
103 897
102 187
187 249
164 210
257 495
495 680
649 736
245 772
298 757
57 486
473 690
492 644
82 820
556 655
556 956
129 253
291 481
454 783
474 896
148 773
11 148
505 756
85 734
735 925
510 527
629 880
156 223
367 883
287 374
166 374
87 907
211 234
390 427
487 733
30 487
113 998
568 687
586 687
409 542
179 262
125 639
285 881
658 873
294 711
659 711
319 755
526 808
754 917
99 631
99 289
146 622
400 539
511 539
339 414
2 741
131 362
9 362
66 748
557 595
256 737
161 387
440 904
175 235
315 859
410 554
202 847
230 847
847 976
606 996
293 606
176 432
699 774
394 930
743 865
753 844
62 842
296 842
562 842
37 138
10 402
304 548
275 648
316 985
6 786
4 694
657 875
579 875
182 330
351 502
288 697
645 997
226 951
302 377
393 689
528 832
225 325
152 219
205 426
220 636
523 555
692 888
109 630
159 746
504 746
746 876
814 827
415 693
232 940
105 714
105 297
752 927
547 869
292 843
16 723
723 815
317 672
624 635
133 635
635 744
204 375
369 848
130 266
281 948
127 446
224 540
383 605
27 806
56 994
589 994
17 79
70 380
613 963
117 535
195 886
195 977
623 913
559 660
54 463
207 972
359 653
185 352
352 507
271 352
373 585
617 794
227 877
801 810
385 799
575 989
41 638
147 522
147 573
314 955
154 490
154 455
628 695
549 761
244 867
231 867
53 703
69 480
691 982
508 545
101 545
759 898
567 712
509 567
254 567
61 550
611 721
845 908
544 619
460 787
762 937
140 667
574 652
634 760
897 987
102 406
44 249
210 345
210 519
257 941
640 680
237 736
590 772
517 757
757 768
391 486
690 816
492 601
82 183
655 782
118 956
129 666
280 481
783 839
425 474
141 773
11 43
505 957
85 706
84 735
510 615
679 880
156 890
156 841
156 742
458 883
255 287
166 740
155 907
793 907
172 211
390 484
353 733
30 885
113 854
493 568
586 944
25 586
395 542
283 542
179 248
639 643
386 881
77 658
294 597
294 461
216 659
462 755
478 755
755 788
169 755
228 526
531 917
144 631
289 1000
622 766
153 400
511 702
242 414
698 741
131 685
9 213
66 499
438 557
190 737
737 973
387 520
361 440
235 621
524 859
554 633
554 922
202 775
230 459
201 976
608 996
293 311
176 967
176 405
707 774
593 930
252 865
261 865
365 844
62 76
296 570
562 915
24 562
37 769
10 811
548 929
548 950
356 548
33 275
316 919
6 453
4 333
657 895
336 579
18 330
328 351
221 351
90 697
88 997
226 343
377 969
335 393
528 719
225 924
152 436
152 429
426 935
636 675
636 871
555 821
158 888
630 939
159 259
504 767
111 876
397 814
29 814
415 891
415 870
232 838
209 714
184 297
340 927
270 547
81 843
16 382
177 815
134 317
624 866
133 411
618 744
204 529
204 424
31 848
266 812
218 948
446 792
446 853
277 540
239 540
383 422
592 806
56 763
589 942
268 589
17 331
380 688
299 380
178 613
389 613
384 535
472 886
926 977
42 977
442 977
879 913
660 662
110 463
119 463
664 972
489 653
185 246
500
1
159
310
213
759
479
889
469
477
77
634
156
695
75
579
846
671
879
414
240
807
951
510
855
178
810
529
547
387
115
177
330
274
487
542
33
965
431
501
441
507
135
597
202
209
176
47
54
461
119
860
412
628
715
589
438
243
824
358
312
153
631
799
664
763
125
164
204
299
801
833
508
976
880
30
341
505
890
752
132
604
570
847
475
394
787
546
835
586
498
349
365
662
552
996
960
353
828
468
329
708
854
48
248
800
490
851
140
60
697
615
453
901
402
998
735
987
238
233
335
602
894
887
239
425
321
568
174
926
180
532
173
979
22
23
81
720
733
533
620
134
531
355
120
768
587
454
370
481
340
967
334
392
655
146
524
829
71
703
360
244
682
382
266
462
986
994
606
666
786
292
27
361
158
19
16
304
844
374
245
617
585
883
726
869
258
40
474
923
563
433
980
947
516
7
526
143
367
684
162
383
704
227
949
430
977
875
15
600
61
728
857
101
201
780
488
518
614
435
643
338
369
629
42
595
989
990
25
966
864
825
463
553
320
754
99
388
381
20
607
623
927
975
252
968
241
957
206
820
31
283
734
584
934
337
701
798
724
287
725
307
591
344
909
106
925
160
73
495
401
89
850
722
637
133
456
220
390
557
187
280
364
4
28
955
348
314
298
222
223
313
717
783
343
806
192
528
324
983
58
372
493
559
80
214
84
877
432
555
12
729
777
251
952
564
668
941
906
98
422
480
396
972
913
476
186
427
712
981
723
719
757
974
670
915
538
444
811
183
541
812
536
963
794
442
149
62
3
599
896
562
608
6
331
271
762
305
677
842
278
285
826
900
250
788
694
230
843
908
904
911
242
473
267
408
272
738
295
34
235
710
513
168
502
205
782
196
11
38
654
942
404
741
876
163
148
434
886
195
943
418
545
373
971
46
577
417
221
57
962
933
109
995
375
921
457
731
399
969
342
678
919
429
509
730
790
691
393
554
300
581
675
37
226
445
436
152
378
366
596
449
105
56
834
368
323
667
117
912
831
567
275
384
761
297
255
127
751
284
549
18
659
605
993
506
26
622
624
452
572
727
693
740
920
882
389
899
891
231
736
269
276
892
642
809
575
268
688
257
96
973
897
590
795
766
685
203
322
935
938
