3000
1404 1554
48 1404
48 1818
623 1818
531 623
531 1588
616 1588
616 785
180 785
180 1444
1444 2383
1323 2383
1323 1804
1804 2276
629 2276
2276 2611
629 2663
2476 2611
2017 2663
1522 2476
2017 2111
741 1522
2111 2763
14 741
1214 2763
14 843
1214 1502
843 2860
1502 1883
1371 1502
1501 2860
1457 1883
385 1371
1501 1738
1247 1457
385 1098
67 1738
1247 2742
1247 2788
1098 1491
67 1381
1287 2742
2788 2844
1336 1491
529 1381
1287 1753
1966 2844
1336 2480
529 1605
1753 2941
1753 2445
1736 1966
1771 2480
37 1605
2556 2941
712 2445
1638 1736
132 1771
37 1917
1911 2556
712 2399
1638 2146
1455 1638
132 181
521 1917
1911 2693
1951 2399
2146 2858
1455 2580
181 594
521 2912
856 2693
1951 2252
2172 2858
2021 2580
594 2325
1975 2912
330 856
2252 2498
2097 2172
2021 2933
2275 2325
1975 2135
330 2471
2498 2909
2097 2959
2286 2933
1834 2275
1040 2135
1642 2471
2060 2909
801 2909
513 2959
451 2286
1622 1834
1040 1851
1203 1642
1745 2060
541 801
513 935
451 2680
1622 2781
567 1851
165 1851
472 1203
1745 2756
541 2914
935 1327
1926 2680
262 2781
567 2925
165 2684
120 472
1766 2756
1334 2914
638 1327
1294 1926
262 752
2375 2925
2620 2684
120 1439
83 1766
1334 2548
638 1936
152 1294
1294 1613
752 1712
1908 2375
2395 2620
1439 2465
83 2339
1185 2548
1936 2433
152 1104
188 1613
1712 2490
582 1908
1160 2395
2465 2469
2339 2487
1185 2429
1188 2433
2433 2987
987 1104
188 2982
72 2490
582 2361
408 1160
2469 2741
2487 2574
1210 2487
560 2429
191 1188
1684 2987
987 1305
2563 2982
72 2044
452 2361
408 2221
2098 2741
1909 2574
1210 2143
560 1109
191 2066
1684 1731
1541 1684
1305 1545
1785 2563
12 2044
637 2044
452 1683
2221 2538
2098 2405
1909 1967
2143 2442
1109 2997
44 2066
1731 1759
938 1541
830 1545
626 1785
12 1044
501 637
1208 1683
2401 2538
57 2405
386 1967
1878 2442
21 2997
44 1635
44 2636
1759 1790
315 938
830 2823
106 626
1044 2343
50 501
923 1208
2401 2638
57 1267
386 2667
386 1082
1878 2003
21 1500
21 2182
1635 2547
972 2636
96 1790
315 1282
1144 2823
106 425
1901 2343
50 1826
923 2483
192 2638
194 1267
1308 2667
1082 2220
314 2003
1112 1500
1064 2182
2186 2547
972 1099
96 1111
96 2192
530 1282
1144 2866
425 2330
764 1901
1281 1826
845 2483
32 2483
192 979
194 1419
1308 2798
2220 2819
314 988
1112 2139
711 1064
722 2186
1099 1224
275 1111
2189 2192
530 1013
1747 2866
1289 2330
764 1702
1281 1512
433 845
32 360
979 2108
1419 2300
1577 2798
1481 2819
988 1318
1351 2139
711 2460
613 722
435 1224
4 275
2189 2585
1013 2508
394 1747
904 1289
1217 1702
883 1512
433 493
360 1669
2108 2410
1787 2300
343 1577
759 1481
1318 2796
229 1351
2359 2460
613 2046
435 1330
4 2571
1957 2585
460 2508
166 394
394 1107
27 904
1217 1791
634 883
493 1849
995 1669
60 1669
402 2410
1024 1787
343 914
759 2145
926 2796
229 1678
325 2359
2359 2815
354 2046
909 1330
1784 2571
1957 2706
460 2587
166 791
1107 2786
27 406
467 1791
634 2644
1220 1849
995 2404
60 73
402 2501
1024 2739
914 981
854 2145
926 2158
1416 1678
325 958
931 2815
354 2071
909 1094
1784 2282
789 2706
316 2587
167 791
2406 2786
406 847
136 467
55 2644
1108 1220
1452 2404
73 793
1533 2501
1463 2739
981 1441
854 1297
2158 2813
304 1416
958 1362
228 931
2071 2908
1094 1601
168 2282
676 789
316 910
167 2947
809 2406
847 2052
136 2214
55 1464
1108 2477
1426 1452
793 2124
1533 2273
232 1463
1441 2319
1297 2995
2697 2813
304 2271
1362 2505
228 773
1546 2908
1601 2355
168 292
676 2783
910 1253
1595 2947
809 927
1881 2052
2214 2443
1464 1523
75 1464
2477 2990
505 1426
54 2124
2273 2353
232 1218
2319 2455
2461 2995
1807 2697
1244 2271
880 2505
755 773
335 1546
2355 2887
2355 2526
292 2945
51 2783
270 1253
195 1595
927 1459
463 1881
2443 2785
928 1523
75 864
2394 2990
505 905
54 1777
1521 2353
455 1218
2349 2455
1692 2461
1807 2019
1244 2629
880 1699
755 2943
335 1520
2385 2887
1940 2526
952 2945
51 2034
270 2752
195 2215
558 1459
463 1146
2380 2785
928 2767
767 864
685 2394
905 1743
1777 2499
1521 1937
455 2579
2349 2824
1692 1716
599 2019
2540 2629
1303 1699
917 2943
1229 1520
1057 2385
33 1940
952 2879
2034 2360
2092 2752
1412 2215
558 891
1146 2897
2380 2692
2253 2767
767 2233
685 1944
371 1743
2499 2753
337 1937
1590 2579
147 2824
1716 2705
599 2057
321 2540
1303 2038
917 2076
1229 1620
1050 1057
33 2676
1279 2879
1488 2360
698 2092
1412 2811
459 891
1169 2897
738 2692
1180 2253
974 2233
1944 2007
371 1122
1178 2753
337 2922
963 1590
147 2114
921 2705
252 2057
230 321
828 2038
1688 2076
519 1620
1050 2551
2676 2821
1279 2085
1488 1998
574 698
36 2811
459 1227
1169 2969
738 2280
1180 2612
604 974
2007 2504
1121 1122
1178 1606
1920 2922
413 963
1696 2114
244 921
252 1892
230 2610
119 828
211 1688
519 1923
1706 2551
2072 2821
919 2085
1998 2091
574 879
36 1410
1227 2277
572 2969
2280 2642
982 2612
604 1359
999 2504
1121 2734
1606 2272
1920 1964
413 2850
562 1696
244 1573
508 1892
522 2610
119 1046
211 2248
1789 1923
411 1706
2072 2635
861 2072
772 919
2091 2775
879 1166
804 1410
765 2277
439 572
2621 2642
912 982
699 1359
999 2794
674 2734
66 2272
1964 2118
2656 2850
562 1858
1573 2721
348 508
482 522
827 1046
1265 2248
202 1789
411 2015
2635 2724
861 991
772 2679
1022 2775
282 1166
804 2402
765 1556
439 1971
684 2621
279 912
151 699
2452 2794
674 2690
66 2105
1682 2118
2457 2656
1858 2378
748 2721
348 1559
482 1733
437 827
1131 1265
202 2323
1571 2015
2500 2724
2662 2724
991 1286
99 2679
1022 2515
282 480
2402 2532
1556 2497
1971 2447
200 684
279 1795
151 1328
655 2452
1880 2690
816 2690
205 2690
1842 2105
1682 2928
156 2457
1639 2378
748 2992
1559 1594
1559 1624
1290 1733
437 1567
437 2901
1131 1443
2033 2323
592 1571
1750 2500
2630 2662
1286 2012
99 2632
99 2088
2515 2780
480 550
2195 2532
1069 2497
1644 2447
200 273
1251 1795
540 1328
655 2156
1479 1880
816 2984
205 635
1714 1842
621 2928
156 1734
25 1639
2710 2992
1594 2994
1624 1783
543 1290
564 1567
584 2901
1429 1443
1375 2033
356 592
1378 1750
2058 2630
1865 2012
2131 2632
2088 2878
135 2780
550 2203
760 2195
1069 2773
1644 2572
273 412
1251 1326
1251 1291
540 1097
2156 2316
1479 2604
403 2984
175 635
1513 1714
621 631
597 1734
1734 2002
25 305
2466 2710
1866 2994
159 1783
543 2237
564 799
512 584
473 1429
1375 2415
356 868
1378 1905
2041 2058
1865 2863
1865 2748
2131 2142
1333 2878
135 633
1433 2203
272 760
2694 2773
679 2572
412 2417
1326 1934
1291 1935
687 1097
942 2316
813 2604
403 2535
175 217
1513 2398
182 631
576 597
1288 2002
305 1123
23 2466
1600 1866
1087 1866
159 1930
1402 2237
799 2872
512 1387
368 473
1175 2415
93 868
1394 1905
569 2041
197 2863
2024 2748
2142 2159
1333 2727
633 2543
1433 1949
272 1840
783 2694
679 1510
1869 2417
287 1934
1516 1935
687 1181
942 2484
813 2102
213 2535
217 2301
1148 2398
182 1015
576 2174
266 576
946 1288
1123 1353
23 1580
775 1600
1087 2929
1930 2372
867 1402
2751 2872
1387 2625
130 368
1175 2222
93 2107
1394 2715
457 569
197 1597
449 2024
154 2159
1263 2727
2543 2869
1631 1949
1840 2719
442 783
1510 2305
1869 2833
287 2032
976 1516
1181 1542
1156 2484
913 2102
213 242
16 2301
1148 2458
1015 1899
2168 2174
266 2966
468 946
254 1353
1555 1580
736 775
585 2929
1887 2372
867 2507
2751 2954
2162 2625
130 669
2222 2474
1972 2107
2281 2715
457 1482
1597 2960
1597 1598
449 1891
154 1309
573 1263
1888 2869
1631 2607
1337 2719
442 1810
85 2305
2589 2833
1472 2032
976 2289
808 1542
1156 2449
24 913
242 903
16 3000
1844 2458
1843 1899
2168 2949
301 2966
468 1143
254 1572
155 254
247 1555
736 1769
585 1400
81 1887
2507 2627
1257 2954
515 2162
669 2112
1991 2474
1972 2533
456 2281
1482 1735
1383 1482
1162 2960
1598 1903
129 1891
1309 1819
573 1674
268 1888
1932 2607
694 1337
158 1810
85 2334
2589 2618
2306 2589
1472 2854
2289 2745
808 898
2396 2449
24 888
903 1681
201 3000
718 1844
649 1843
730 2949
301 1775
1143 1515
1572 2628
155 1060
247 1529
436 1769
1204 1400
81 1549
89 2627
754 1257
263 1257
515 2846
216 2112
702 1991
1283 2533
456 2523
1735 1780
1383 2926
1162 1996
487 1903
129 939
863 1819
1194 1674
268 1388
1932 1985
694 2246
158 2855
2047 2334
477 2618
960 2306
2169 2854
2745 2782
852 898
548 2396
888 2779
1536 1681
201 1173
718 2606
649 1164
730 1105
172 1775
98 1515
107 2628
837 1060
1497 1529
436 1886
173 1204
1549 1650
89 2896
754 2302
263 2011
2846 2861
216 1365
702 1051
1283 1958
2523 2652
118 1780
514 2926
113 1996
487 539
939 1773
863 1001
1194 1860
686 1388
833 1985
1062 2246
236 2855
2047 2201
477 2492
960 2086
2169 2420
792 2782
43 852
548 1133
1579 2779
1536 2581
15 1173
123 2606
818 1164
1105 2895
172 525
98 1607
107 1048
837 2346
837 2239
1497 2062
1231 1886
173 2136
651 1650
2120 2896
1852 2302
231 2011
127 2861
1113 1365
1051 1234
1958 2464
1763 2652
118 196
514 2104
113 2590
539 1237
1366 1773
1001 2840
1233 1860
686 1295
833 2875
925 1062
236 365
64 2201
1174 2492
1453 2086
1518 2420
662 792
43 1612
1133 1389
507 1579
2043 2581
15 2848
103 123
94 818
2356 2895
104 525
1607 2213
1048 1673
697 2346
586 2239
1261 2062
1231 2493
2136 2808
651 2658
1945 2120
575 1852
231 1933
63 127
654 1113
1234 1788
1695 2464
1471 1763
196 1254
844 2104
2294 2590
815 1237
1366 2312
489 2840
892 1233
677 1295
1458 2875
925 1950
365 2485
64 2087
1174 1205
1453 1503
1518 2025
662 1968
1168 1612
1612 2654
1389 1484
507 1493
2043 2829
870 2848
2784 2848
103 2584
94 2149
1304 2356
104 2603
940 2213
1673 1752
697 1655
586 1494
1261 2311
2493 2956
1101 2808
1093 2658
1324 1945
575 1855
2 1933
63 954
654 842
1788 1872
1695 2903
1471 2400
729 1254
844 2388
1679 2294
815 1266
2312 2802
489 2435
892 2377
79 677
257 1458
1177 1950
2099 2485
475 2087
1205 2119
893 1503
1915 2025
664 2025
970 1968
1168 1246
380 2654
1484 2069
1493 2056
2560 2829
163 870
8 2784
2584 2832
1548 2149
1304 2366
114 2603
940 2613
940 1418
1752 2292
1655 1977
1494 1962
2311 2743
1390 2956
208 1101
1093 1262
414 1324
1855 2206
199 1855
1110 1855
2 1961
954 1348
524 842
251 1872
2048 2903
1661 2400
453 729
2388 2428
1679 2324
19 1266
359 2802
2318 2435
969 2377
79 1002
257 641
1177 2993
1012 2099
475 2760
2119 2225
893 964
355 1915
664 2126
664 1953
970 1969
1246 2230
380 1941
2053 2069
2056 2373
733 2560
163 281
8 1363
545 2832
1154 1548
1732 2366
114 668
2613 2939
581 2613
1418 2234
350 2292
1396 1977
607 1962
860 2743
1275 1390
208 2333
920 1262
414 1190
1824 2206
199 2288
1110 2109
1961 2553
1348 1994
1348 2528
243 524
251 2155
944 2048
549 1661
1386 1661
453 503
745 2428
2324 2890
19 566
359 1757
233 2318
969 2426
1002 1487
641 1088
571 2993
1012 2570
2513 2760
2225 2320
964 2129
355 639
1312 2126
643 1953
215 1969
2230 2687
1941 2812
1072 2053
1884 2373
3 733
281 985
1363 1717
545 2657
1154 2376
1732 2299
668 1377
2303 2939
581 2597
1033 2234
350 2117
350 1816
1396 2787
607 1070
860 2503
1137 1275
2333 2983
716 920
1190 1302
11 1824
1462 2288
672 2109
1803 2553
417 1994
2170 2528
243 1960
1042 2155
660 944
549 1239
294 1386
503 2807
745 807
471 2890
566 2326
1757 2826
233 1701
2426 2668
185 1487
41 1088
571 704
2570 2803
2409 2513
486 2320
1576 2129
639 2936
1312 2198
643 2185
215 1739
1385 2687
2290 2812
877 1072
896 1884
3 1256
985 1332
1717 2167
751 2657
557 2376
2299 2332
1045 1377
2303 2444
1486 2597
1033 1480
34 2117
1816 2411
1816 2561
264 2787
1070 2592
625 2503
933 1137
1653 2983
716 2297
900 1302
11 1774
1462 2747
203 672
1803 2641
1803 2942
417 1009
2170 2691
1581 2170
1467 1960
490 1042
660 1698
640 1239
294 2666
1483 2807
807 2746
421 471
2326 2988
1562 2826
1352 2826
1701 2486
1335 2668
185 2194
41 1319
704 1145
1800 2803
2345 2409
486 930
1508 1576
1010 2936
1823 2198
352 2185
1329 1739
551 1385
1623 2290
877 983
896 1845
1256 2789
38 1332
511 2167
751 2842
557 1846
1245 2332
871 1045
393 2444
1486 2004
1342 1480
34 1232
2411 2849
1890 2561
264 1115
148 2592
625 1314
693 933
1653 1821
1403 2297
900 2427
1774 1990
1431 2747
203 1413
366 2641
189 2942
1009 2899
2251 2691
1581 2688
1187 1467
253 490
636 1698
1313 1698
640 2971
146 2666
381 1483
740 2746
421 1358
224 2988
1532 1562
1352 1882
1811 2486
1335 1436
2194 2683
663 1319
1145 1583
323 1800
2345 2615
930 1284
1027 1508
111 1010
803 1823
352 2624
1329 1705
551 2873
1623 2856
1623 2660
983 2205
1211 1845
331 2789
38 1037
511 980
721 2842
1846 2709
1245 2932
871 1498
871 2831
393 1675
2004 2459
469 1342
1232 1300
1703 2849
617 1890
1115 2014
148 2367
1314 2039
693 1067
362 1821
267 1403
1086 2427
259 1990
1431 2825
1413 2509
366 422
189 2179
950 2899
209 2251
1136 2688
1047 1187
253 2049
636 962
142 1313
2030 2971
146 2250
381 1260
740 2374
249 1358
224 2740
138 1532
618 1882
161 1811
1436 1980
2683 2711
663 2653
1583 2593
323 790
2122 2615
322 1284
1027 1223
111 1301
803 1432
87 2624
1049 1705
2153 2873
941 2856
193 2660
1268 2205
1211 2140
331 1742
1037 1610
980 986
721 1489
280 2709
179 2709
1575 2932
1498 1912
376 2831
1675 1755
2459 2764
469 924
1300 2728
1703 2285
617 1075
2014 2217
1367 2367
873 2039
1067 2920
362 430
267 2382
876 1086
259 734
1904 2825
1014 2509
422 1507
1505 2179
950 1221
169 209
1003 1136
1047 2967
644 1047
2049 2989
1 962
142 157
795 2030
369 2250
994 1260
2374 2827
183 249
1236 2740
138 2190
502 618
161 907
735 1980
219 2711
1896 2653
1347 2593
790 2564
1954 2122
322 1654
756 1223
1301 2298
1091 1432
87 1016
466 1049
1049 2283
1020 2153
941 2689
193 593
1268 1420
126 2140
688 1742
10 1610
986 1172
1489 2481
280 824
179 1058
862 1575
1202 1912
1912 2006
376 2067
538 1755
222 2764
924 2462
1611 2728
667 2285
1075 2209
589 2217
117 1367
873 1186
49 2920
430 2514
430 812
737 2382
876 1193
483 734
719 1904
1014 1959
766 1507
1505 1649
1221 1456
169 2790
1003 1226
2744 2967
644 1195
644 1853
1163 2989
1 2950
157 1360
795 2008
286 795
369 1100
994 1447
1357 2827
320 2827
183 1200
763 1236
1399 2190
502 2132
907 2918
720 735
219 226
1896 2123
1347 2254
2564 2777
1954 2393
1654 2134
756 1837
2023 2298
1091 2818
1016 1907
466 1629
1206 2283
1020 1626
238 2689
276 593
1071 1420
126 1913
688 2730
10 1158
1172 1460
131 2481
929 2481
824 2634
1058 1553
821 1058
862 1017
65 1202
2006 2996
899 2067
538 2958
222 1871
1835 2462
1611 2864
667 2110
2209 2337
589 2566
117 237
620 1186
49 2224
936 2514
812 1565
812 2675
737 1184
1193 1477
483 1349
176 719
1668 1959
766 2729
766 832
1649 2478
1456 2614
2128 2790
499 1226
1376 2744
1195 2207
1853 1922
1163 2000
332 2950
398 1360
293 2008
286 2876
309 1100
1316 1447
1357 2191
320 2776
1200 2096
763 2981
1399 1848
2132 2329
1806 2918
1292 2918
715 720
226 261
1798 2123
53 2123
2031 2123
1102 2254
1152 2777
1215 2393
1564 2134
1837 2534
1118 2023
1836 2818
462 1907
1629 1652
296 1206
241 1626
238 1727
276 2795
1071 1356
1913 2423
2730 2765
787 1158
535 1158
1460 2555
131 1393
929 1633
781 2634
1553 2137
695 821
544 1017
65 1032
2754 2996
899 2148
706 2958
742 1871
341 1835
1659 2864
46 2110
518 2337
91 2566
237 479
620 2287
2061 2224
1868 2224
936 1350
1565 2228
1728 2675
1184 2243
1477 1656
1349 1504
176 2677
1668 2792
2231 2729
832 878
2080 2478
336 2614
448 2128
499 652
1376 1468
246 2207
432 1922
1797 2000
332 2064
398 1422
293 1315
1475 2876
309 2870
309 1939
1316 2381
1528 2191
206 2776
140 2096
1415 2981
1762 1848
690 2329
361 1806
1292 2661
327 715
261 2391
334 1798
53 1664
1618 2031
1102 2001
866 1152
1215 1321
1564 2797
2534 2900
1118 1708
881 1836
462 2937
1652 1822
296 1558
210 241
1727 1983
338 2795
2467 2795
1356 1569
889 2423
1354 2423
497 2765
1707 2765
787 1947
367 535
2555 2853
1393 2977
1633 1764
781 2266
1450 2137
602 695
544 2238
1032 2178
405 2754
2028 2148
706 2075
742 1414
149 341
528 1659
46 666
518 2531
91 1346
479 1782
2287 2953
1697 2061
1095 1868
1350 1876
1538 2228
1138 1728
491 2243
1599 1656
1504 2157
2643 2677
1004 2792
611 2231
351 878
878 1019
464 2080
336 1153
448 2171
652 2596
1468 2027
246 2436
432 1369
250 1797
317 2064
1422 2889
811 1315
1475 1981
817 2870
1161 2870
1165 1939
434 2381
1528 2800
1196 1528
206 2335
140 2545
1415 2084
440 1762
690 922
361 1627
1496 2661
327 1182
245 2391
2391 2930
334 2050
349 1664
1664 2915
1179 1618
29 2001
536 866
517 1321
1222 2797
1078 2900
1708 1815
881 1713
2229 2937
1034 1822
975 1558
210 2619
1983 2907
338 1898
895 2467
1569 2495
284 889
601 1354
497 1485
1707 2836
1947 2307
367 1035
2853 2886
2081 2977
1619 1764
1625 2266
1450 1527
602 2125
2238 2245
77 2238
2178 2964
405 2975
2028 2249
2075 2681
1414 2079
149 1817
528 2063
666 2605
509 2531
1346 1409
1372 1782
559 2953
1697 2223
1095 2841
363 1876
288 1538
948 1138
491 978
61 1599
1476 2157
2338 2643
427 2643
556 1004
611 673
351 992
1019 1235
464 1440
1153 1317
1875 2171
2059 2596
2027 2906
2436 2735
1127 1369
1369 1986
250 2152
317 1526
971 2889
811 945
977 1981
817 1740
1161 2328
1165 2236
434 2009
326 2800
1196 2412
853 2335
1770 2545
125 2084
440 2578
922 2702
1627 2771
532 1496
1182 2200
245 1918
1228 2930
2050 2774
349 826
2527 2915
1149 1179
29 2141
536 2269
517 1103
1061 1222
526 1078
1815 2313
1469 1713
1874 2229
1034 1096
975 1693
429 2619
2016 2907
1898 2857
895 2537
1401 2495
284 2883
318 601
258 1485
1704 2836
2166 2307
1035 2045
2348 2886
1241 2081
1604 1619
1625 2567
112 1527
1621 2125
2245 2387
77 2703
1053 2964
1686 2975
1952 2249
9 2681
1756 2079
308 1817
1038 2063
344 2605
509 2241
26 1409
1116 1372
559 726
1921 2223
855 2841
2267 2841
363 2558
288 1434
948 2732
978 1068
61 591
13 1476
1320 2338
427 2594
556 990
673 2791
992 2557
1235 2365
1440 1900
1317 2645
1875 2583
1423 2059
2906 2917
537 2735
1127 2770
947 1986
1025 2152
303 1526
678 971
945 2544
289 977
1740 2998
2328 2651
542 2236
614 2009
326 762
326 2631
1525 2412
424 2412
853 2176
1770 2055
125 2716
395 2578
370 2702
18 2771
532 2772
750 2200
1758 1918
1228 1765
2350 2774
445 826
788 2527
1149 2755
2022 2141
857 2269
1103 2972
1031 1061
278 526
345 2313
2313 2414
1469 1906
45 1874
145 1096
1021 1693
429 1199
1373 2016
1927 2857
1616 2537
1401 2065
1830 2883
318 874
258 2482
1704 2068
1979 2166
885 2166
220 2045
7 2348
1241 2871
1604 2931
160 2567
838 2567
112 1544
496 1621
2227 2387
1711 2703
1053 2750
1495 1686
1952 2820
9 418
1756 2430
308 1552
1038 2701
344 723
1126 2241
26 1449
965 1116
726 2181
587 1921
855 1192
855 2602
2173 2267
2558 2962
580 1434
1473 2732
918 1068
298 591
13 2392
1320 2573
595 1320
2154 2594
858 990
761 2791
2546 2557
552 2365
1900 2985
1721 2645
1213 2583
949 1423
2265 2917
537 2187
1499 2770
947 2193
1025 1995
139 303
678 1955
1725 2544
289 2144
1578 2998
2073 2651
542 1340
577 614
762 2226
2631 2722
1525 1617
424 2296
2176 2859
2176 2957
221 2055
1877 2716
494 2716
395 966
370 1442
18 2260
1989 2772
750 1645
750 2714
109 1758
1765 2240
1339 2350
445 1942
788 2682
788 1435
819 2755
2022 2921
857 1687
1948 2972
2874 2972
52 1031
278 1445
345 1539
1737 2414
1906 2609
45 724
145 1746
565 1021
80 1199
234 1373
1280 1927
1616 2700
1189 2065
1830 2927
874 2446
546 2482
2068 2244
774 1979
885 1589
220 1478
7 2940
1700 2871
1278 2931
160 768
838 2565
1085 1544
496 1634
1902 2227
1391 1711
2321 2750
1495 2425
2177 2820
177 418
500 2430
1552 1592
2701 2868
97 723
897 1126
1119 1449
965 2115
383 2181
240 587
682 1192
1461 2602
2173 2778
902 2962
580 1779
1473 2384
918 2738
298 1910
596 2392
2036 2573
1723 2573
595 1285
2154 2817
858 2218
761 1142
1474 2546
552 2549
872 2985
269 1721
1213 1894
949 1023
2265 2911
728 2187
1499 2910
1076 2193
1242 1995
139 2525
1955 2894
495 1725
2144 2242
299 1578
1018 2073
324 1340
577 1421
30 2226
333 2722
153 1617
2296 2600
1929 2859
1341 2859
1517 2957
221 1689
1657 1877
494 1212
415 966
1442 2180
1648 2260
1989 2113
1645 2717
1039 2714
1831 2714
109 2598
198 2240
1339 1379
1079 1942
834 2682
1435 2127
554 819
178 2921
1687 2020
1948 2363
2550 2874
52 2757
1445 1987
1539 1794
570 1737
2577 2609
724 886
822 1746
565 2822
80 2839
80 1408
234 831
1280 2891
1043 2700
1189 1216
1685 2927
1670 2446
546 2257
2244 2938
774 2685
1589 2655
101 1478
1130 2940
1700 1854
1278 2867
768 1710
2565 2725
1083 1085
164 1634
340 1902
1081 1391
339 2321
516 2425
714 2177
177 2163
500 2362
1592 2418
1380 2868
97 989
897 2491
1119 1368
1976 2115
383 710
240 998
682 1841
1461 2018
378 2778
902 2924
1779 2270
1428 2384
2164 2738
2210 2738
313 1910
596 1466
1786 2036
1132 1723
1285 1593
2204 2817
2042 2218
1055 1142
1474 2616
957 2549
872 1011
269 2077
390 1894
1023 1715
1155 2911
728 1893
1238 2910
1076 1411
642 1242
2352 2525
141 2894
495 1065
2242 2639
299 1582
1018 2278
324 1640
1421 2761
30 2389
333 375
153 2659
290 2600
416 1929
797 1341
47 1517
769 1689
357 1657
76 1212
415 683
2180 2696
1364 1648
2113 2830
1719 2717
1039 1054
1587 1831
2598 2640
198 671
1379 2646
727 1079
397 834
908 2127
2127 2672
554 1036
178 2100
2020 2494
1931 2020
1338 2020
2344 2363
302 2550
915 2757
1987 2934
1794 2649
570 916
2577 2979
82 886
703 822
612 2822
2837 2839
1408 2357
831 2554
2650 2891
1043 1343
1216 2726
1073 1685
1670 2279
2257 2893
630 2938
1092 2685
1395 2655
101 1451
1130 2905
627 1854
2422 2867
1417 1710
2591 2725
1083 1772
164 1761
340 2342
1081 2522
339 1680
516 2686
714 2082
2147 2163
2308 2362
823 2418
277 1380
989 2037
2491 2541
563 1368
835 1976
1976 2670
710 2736
710 2529
998 2608
998 2521
1841 2828
1000 2018
378 943
805 2924
223 2270
1240 1428
810 2164
968 2210
313 2094
1273 1466
1729 1786
1132 2397
1593 1916
2204 2708
1084 2042
650 1055
2188 2616
957 1946
1011 1919
553 2077
390 1171
1715 2980
1155 1636
1722 1893
1238 2327
1028 1411
642 2208
1176 2352
141 1963
656 1065
256 2639
1147 1582
2258 2278
1640 2256
2761 2838
56 2389
375 444
306 2659
290 2314
416 1799
69 797
797 1630
797 2559
47 1230
248 769
357 2496
76 1895
683 1066
1560 2696
1364 1720
2830 2991
561 1719
1054 1641
1587 2637
646 2640
671 2999
590 2646
727 2518
397 2882
908 1007
2672 2769
312 1036
2100 2512
578 2494
1658 1931
708 1338
680 2344
302 1632
915 1090
782 2934
401 2649
307 916
2438 2979
82 1384
703 1870
612 2416
1250 2837
746 2357
2357 2552
400 2357
207 2554
658 2650
1343 1885
399 2726
1073 1183
2279 2880
796 2893
547 630
555 1092
1395 2963
1451 2070
1243 2905
627 1370
901 2422
1417 2216
1392 2591
1772 2762
1761 2575
1586 2342
520 2522
1680 2588
1574 2686
645 2082
1258 2147
1862 2308
725 823
277 1608
2037 2707
2541 2542
563 1159
835 1438
579 2670
2419 2736
784 2529
628 2608
1454 2521
1928 2828
1000 2809
265 943
404 805
805 2133
223 2309
1240 2576
137 810
968 2877
1264 2094
758 1273
1729 1938
110 2397
1726 1916
2451 2708
967 1084
68 650
1170 2188
1547 1946
1919 2488
553 1833
1171 2304
2184 2980
1543 1636
1603 1722
2196 2327
1028 2539
1760 2208
35 1176
1663 1963
656 1863
256 1585
1147 1614
1943 2258
1812 2256
86 2838
56 1029
444 1965
306 869
523 2314
1407 1799
69 2040
1322 1630
779 2559
1230 1832
248 1672
1135 2496
22 1895
689 1895
850 1066
749 1560
1720 2322
1134 2991
561 2347
1448 1641
162 2637
2331 2637
346 646
959 2999
590 2847
603 2518
806 2882
1007 1997
1676 2769
312 441
225 2512
1814 2512
578 1424
1658 1820
108 708
347 680
1632 2862
780 1090
782 1956
782 2262
401 1150
307 2284
670 2438
388 1384
40 1870
410 2416
1250 2923
1250 2358
746 2731
746 2852
1751 2552
400 2371
207 705
283 658
1249 1885
399 2472
1183 1514
829 2880
796 1829
547 2293
555 1637
458 2963
2070 2946
1243 2804
1370 2948
691 901
214 901
1248 2216
1392 2699
648 2762
2575 2712
1586 1999
520 1691
2035 2588
1570 1574
588 645
484 1258
204 1862
725 2150
955 1608
2369 2707
2463 2542
1159 2259
770 1438
409 579
2336 2419
443 784
628 1080
1454 2768
1298 1928
1490 2809
265 2475
404 1889
328 2133
1382 2309
1277 2576
137 2835
74 2877
187 1264
70 758
1938 2881
110 1509
1430 1726
170 1726
1984 2451
488 967
68 374
1170 1191
1547 2473
2488 2978
600 1833
431 2304
1151 2184
1543 2450
478 1603
2151 2196
300 2539
1760 2078
1760 2089
35 951
35 260
1129 1663
1259 1863
1585 2805
1355 1585
1006 1614
255 1943
423 1812
86 271
1029 1114
171 1029
1965 2235
869 1825
523 1270
1407 2718
1973 2040
1322 2913
779 2814
1832 1856
1059 1672
1135 2408
22 1666
689 2664
850 2440
749 1209
2322 2919
476 1134
2347 2506
1448 2582
162 1271
894 2331
346 934
959 1157
675 2847
227 603
806 1427
1828 1997
884 1676
441 2698
225 2843
1814 2678
1424 1534
1424 2511
1671 1820
108 2121
329 347
364 2862
295 780
882 1956
2261 2262
1150 2232
1718 2284
670 2737
388 2516
40 1005
174 410
713 2923
1311 2358
906 2731
2845 2852
624 1751
134 2371
705 2403
705 1124
283 470
5 1249
396 2472
2183 2472
1514 2029
661 1514
829 973
1829 2623
1914 2293
1609 1637
458 849
6 2946
2432 2804
794 2948
353 691
214 1276
1248 1519
2386 2699
2370 2699
648 2617
407 2712
609 1999
608 1691
1749 2035
1570 2986
588 2026
484 1793
105 204
2150 2973
955 1299
2103 2369
373 2463
1566 2463
2463 2801
2211 2259
770 2970
319 770
409 1446
2336 2898
443 851
1080 2622
78 2768
20 1298
1207 1490
1470 2475
1889 1924
328 1361
1382 2695
598 1277
1056 2835
74 1813
187 1596
70 2083
2434 2881
1509 2647
1430 2704
170 2955
1628 1984
384 488
374 1646
1191 1857
1063 2473
1660 2978
600 2806
431 1584
1151 1167
1982 2450
478 2101
478 2005
2151 2317
300 2116
2078 2197
128 2089
39 951
260 2733
1129 1425
1259 1925
696 2805
285 1355
1006 1709
255 1677
255 2074
423 2568
271 802
1114 1847
171 379
1405 2235
1077 1825
1535 1825
31 1270
447 2718
848 1973
1651 2913
2274 2814
382 1856
1059 2759
2408 2510
887 1666
1993 2664
1255 2440
605 1209
510 2919
476 2965
1602 2506
1801 2582
953 1271
1271 1557
894 2766
934 1398
1157 1465
297 675
227 2247
1427 2437
996 1828
498 884
311 2698
1992 2843
1530 2678
2441 2678
2379 2678
1534 2199
1139 2511
1671 2013
1511 2121
329 1978
364 2454
190 295
882 2562
504 2261
1550 2232
1718 2390
1531 2737
1897 2516
465 1005
174 1117
174 454
713 2519
446 1311
906 1796
1272 2845
624 1274
134 1008
2403 2888
1124 1561
470 2673
5 2951
235 396
2183 2439
692 2029
377 661
426 973
1974 2623
124 1914
1609 2892
849 2720
6 707
274 2432
62 794
122 353
291 1276
1140 1519
310 2386
527 2370
932 2617
71 407
609 709
608 2095
1749 2713
1615 2986
389 2026
956 1793
58 105
1838 2973
438 1299
653 2103
212 373
1566 2090
2413 2801
1776 2801
1781 2211
2165 2970
319 776
1446 1809
2468 2898
851 1724
2622 2816
78 1690
20 2626
1207 2054
911 1470
1924 2520
88 1924
1361 2051
1662 2695
598 2601
1056 2160
1344 1813
657 1596
632 2083
1591 2434
2647 2669
1802 2704
1970 2955
1269 1628
384 2517
1646 2093
1537 1857
619 1063
1437 1660
2310 2806
771 1584
1167 1219
1982 2368
1647 2101
1563 2005
461 2317
115 2116
1307 2116
1861 2197
2197 2595
1089 2197
100 128
128 1827
39 622
937 2733
846 1425
800 1925
116 696
285 2431
218 1709
700 1677
984 2074
28 2568
802 2723
492 1847
379 2599
1405 1568
1077 2138
701 1535
31 84
447 2944
848 1859
387 1651
1873 2274
382 1041
2759 2884
419 2510
90 887
1808 1993
1225 1255
605 1778
510 665
2130 2965
1506 1602
1801 2524
184 953
814 1557
1643 2766
1398 2865
474 1465
297 2489
1293 2247
993 2437
996 2961
498 659
311 583
1992 2202
1530 2364
753 2441
647 2379
836 2199
1139 1988
2013 2212
1492 1511
1978 2340
1978 2902
732 2454
190 1667
890 2562
504 1864
420 1550
2390 2799
534 1531
1030 1897
358 465
1117 1128
454 2264
186 2519
446 2421
1796 2665
1272 2263
1252 1274
391 1008
1201 2888
428 1561
1730 2673
2255 2951
235 2106
2439 2916
606 692
377 1551
426 1744
1974 2952
59 124
875 2892
1792 2720
707 997
274 1767
62 392
122 1074
291 610
786 1140
1140 2749
310 2671
527 1331
932 1406
71 1052
709 747
1296 2095
2713 2851
841 1615
389 2268
739 956
58 1306
1838 2502
438 1754
438 506
653 1839
212 1374
2090 2530
2295 2413
372 1776
1776 2291
1776 2219
1197 1781
2165 2536
533 776
681 776
1809 1850
2407 2468
1125 1724
481 2816
840 1690
1198 2626
2054 2904
911 2175
102 2520
88 2674
2051 2633
1662 2758
568 2601
150 2160
239 1344
657 825
632 1665
1591 1805
2648 2669
1802 1867
1970 2974
1026 1269
2517 2968
2093 2935
717 2093
1141 1537
619 1741
1437 2424
1748 2310
92 2310
771 2456
1219 1397
1694 2368
1647 2976
1563 2586
461 1106
115 2470
1307 2351
133 1307
42 1861
2354 2595
1089 1768
100 2453
1345 1827
622 798
865 937
846 1524
615 800
116 2448
777 2431
2431 2885
218 820
143 700
95 984
28 1310
859 2723
757 2723
492 731
485 2599
1568 2315
1540 2138
450 701
84 961
342 2944
1120 2944
744 1859
387 2793
839 1873
1873 2010
1041 2479
144 2884
419 2569
90 2810
17 1808
778 1225
743 1778
665 2341
1325 2130
121 1506
2524 2834
184 2161
814 1879
1000
1
1166
1346
892
13
2032
2275
2148
2065
2238
1644
2908
1957
2126
343
1375
1352
2689
2860
2524
1307
684
545
2709
709
2760
2582
816
1803
1342
2981
1328
2508
1326
2220
2520
358
1494
1667
2422
731
311
2329
2688
2436
2671
1062
788
2360
921
666
1604
855
375
2313
614
2957
129
2417
1299
109
744
806
1434
2963
326
1792
1457
1993
1214
2188
2303
542
1875
1739
213
2936
2527
2572
856
2837
238
2460
692
613
1773
1306
569
1901
722
1867
2009
1466
2673
443
1429
2999
2235
2885
1991
448
2073
1294
990
947
33
1203
882
2560
774
1738
2397
1012
1198
88
1624
2970
1394
2193
1871
2115
1060
879
581
733
1322
556
1894
2722
1003
966
1016
1992
1913
1049
194
2795
608
968
1533
4
1980
2731
92
604
2701
1485
2796
1571
600
2449
1180
1588
770
189
2319
2083
2040
2328
49
56
1320
1961
1104
1513
1756
1712
2481
288
1716
1460
18
1807
2063
2718
291
1859
1288
891
2714
737
2070
1301
1507
2259
619
2832
1341
2659
2160
1389
2715
479
350
818
2106
2530
1472
2393
1245
2932
2411
51
1994
2129
342
852
417
1232
565
1153
302
1866
2660
2561
2485
2492
901
2143
1651
2290
1858
2130
2640
2675
1121
1745
2205
2593
1138
449
548
500
1518
2676
842
2369
93
2074
2934
2375
1799
905
1935
1283
396
2836
426
2047
2283
1176
1765
1958
2297
510
1163
1889
1647
1611
1412
2194
2111
2929
1870
2952
2298
1963
2025
2231
208
1400
1030
1112
335
1508
170
2739
554
2296
2021
1729
979
1025
1570
2141
2914
216
752
2410
2862
1255
1280
2814
552
242
1839
2783
812
1561
572
125
68
742
2863
621
38
1884
2350
1098
2667
2003
2882
2755
1613
2292
2617
2867
2430
419
813
1268
201
1262
1506
1013
2822
2078
1137
2889
2820
999
2857
2859
954
2744
233
620
1746
521
502
1500
2133
2794
1116
2000
365
546
2418
1178
1814
2619
2439
320
631
2260
1767
2149
2217
2766
2658
2647
2516
27
2390
2749
647
1136
269
1149
2636
2402
942
751
1402
1297
819
2484
111
438
1922
430
1068
1181
2826
2835
330
2042
2600
2987
1115
2247
2503
1142
1637
2251
1788
2772
2407
1921
878
158
323
2184
1454
1564
1579
588
1769
1819
2098
861
2081
2084
1976
1587
117
2964
837
1904
2735
357
1840
2278
2717
2299
753
741
567
2316
1155
1309
1966
2924
128
1446
2022
989
527
1106
1854
2692
81
1817
528
1984
1552
884
824
693
161
541
2991
2761
2441
743
501
8
59
1368
1785
1086
1495
231
107
757
1212
2447
2611
904
1428
1431
1511
2979
2315
2335
672
2476
2875
662
2236
1405
2737
2323
1463
2556
486
2830
1340
1325
1678
808
2326
2890
255
1937
793
2782
364
2224
1293
1539
627
1014
1015
1675
250
2817
79
2986
2140
1542
2541
2625
1372
881
1196
2696
2450
2874
504
1776
2763
759
712
1076
2780
1833
1418
1318
2431
2333
2961
2778
1185
2568
1917
2726
2109
2989
2610
1215
2373
2056
1926
2928
2596
2
2708
1419
889
850
1956
2939
140
2507
2544
2866
1616
1085
963
1605
822
1043
431
53
2257
2803
2108
1183
1704
1184
2438
133
2603
463
1021
453
820
2408
2496
2547
265
2413
1881
124
376
485
945
2132
1528
1376
785
1179
1292
1967
909
2995
151
347
127
2754
810
1148
206
1629
17
2613
2388
2513
2652
1573
1948
2017
2620
1079
544
996
263
1329
2174
1554
295
83
1549
446
1676
199
1239
2823
404
2868
2840
2255
2352
2176
1907
903
748
439
2578
2455
2198
193
1037
1327
2366
2590
1622
1139
2068
2878
2266
2637
2670
984
2686
1827
1862
2144
2730
2307
2305
2037
1505
2036
1697
363
1063
705
512
1843
1051
389
1657
317
2488
769
2725
1535
1869
1144
1450
1633
487
137
2522
1834
1643
2884
2896
2347
1868
407
1190
2919
796
2846
236
2301
1140
222
1909
2894
1504
381
829
1831
2461
21
2318
2598
2190
1723
1537
591
1734
2529
745
1829
711
617
860
1123
2288
2510
1952
1860
1413
1880
658
1010
2428
2497
1618
1219
767
154
1810
2500
2879
2028
2451
63
857
1029
1473
602
1177
2854
36
1451
1266
1916
2276
1344
2824
2483
114
1982
2993
952
2443
2043
339
2383
932
941
285
139
2502
1404
1610
680
2403
214
2396
2363
1878
2477
1670
2469
2621
1911
636
735
1514
2678
1073
897
610
2013
64
1319
1861
2566
2723
2921
403
2324
1390
2799
1687
1427
96
2535
632
2542
352
2138
1056
30
211
640
1452
2218
1174
29
1577
1461
148
2845
1310
2941
2585
1941
2657
1483
9
126
2538
39
337
1490
678
1034
1848
73
251
701
1247
2389
729
2147
997
1248
1931
833
1821
1597
1947
2268
1635
2379
690
2452
597
699
2118
522
836
1265
1720
1832
2967
2186
800
2385
773
1567
1383
1004
849
316
970
1259
1770
1668
888
2189
2080
2153
908
911
875
2049
1593
1674
2365
549
2861
710
1070
401
2588
715
781
557
1973
2551
218
2591
2321
1998
196
590
691
2955
164
1688
24
1425
1240
1478
1134
827
2192
1914
1165
1465
607
1382
1903
2020
886
491
1536
142
1081
406
832
1035
2071
593
2240
2459
1373
1362
1740
234
656
2925
724
2191
67
1805
2597
898
2839
165
2969
2562
2209
2082
2687
334
1541
992
2150
2913
681
2750
976
492
290
2532
2456
136
2523
1251
2733
420
1089
2897
651
654
1359
2736
2284
1693
1276
276
1189
956
2972
939
1150
596
301
1846
2935
2930
2781
585
584
2377
1944
319
1660
637
1595
