5000
455 2831
2831 3426
2831 4416
1526 2831
1562 2831
2679 2831
349 455
1290 3426
1155 3426
879 4416
1026 4416
2378 4416
4416 4456
1526 4251
1526 4895
833 1526
1526 3675
1526 4617
1526 2252
1151 1562
1562 4669
2629 2679
349 1228
1290 1684
1290 3125
1155 3142
1155 4399
879 3231
1026 1471
1026 4249
2378 2577
2200 2378
2378 3105
2023 2378
294 4456
2723 4456
1235 4456
4456 4684
1659 4456
1104 4251
1523 4251
43 4251
3026 4251
4251 4842
2098 4251
47 4895
671 833
833 3072
833 2165
622 3675
52 3675
582 3675
3018 4617
2252 4221
2252 4294
2252 3729
1151 2712
2094 4669
2629 3436
2629 4114
1228 2557
1684 4787
1684 2241
1684 4214
1684 2066
438 3125
3125 4350
677 3142
3142 4569
3142 3913
3142 4170
3142 3831
4223 4399
827 4399
99 4399
2316 4399
3841 4399
3231 3277
941 3231
858 3231
1471 3225
1471 2955
809 4249
778 4249
110 4249
1127 4249
2577 2805
1961 2200
2200 4719
1779 3105
2965 3105
8 3105
2159 3105
26 3105
3105 3457
1218 3105
2064 3105
645 3105
922 3105
3105 4175
3105 3883
957 3105
2023 3559
2023 2237
1984 2023
294 1138
294 1426
294 1570
294 943
294 912
2723 2753
1465 2723
1235 2060
1235 4853
4091 4684
1659 3967
1104 4012
119 1104
1104 1884
1523 2382
1523 3979
43 1395
3026 4319
3026 3039
1224 3026
3026 3175
2288 3026
2971 3026
3496 4842
2240 4842
2098 4770
47 3103
671 1316
671 1231
332 3072
790 2165
1259 2165
622 4866
290 622
52 1985
52 3358
582 2717
582 1249
3018 4713
3018 4737
4221 4394
4294 4511
4294 4531
1734 4294
4264 4294
2044 4294
5 4294
561 4294
155 3729
303 2712
1168 2712
2094 4383
2580 3436
1853 4114
1925 4114
3480 4114
2409 4114
4114 4766
2557 2560
4152 4787
3353 4787
793 2241
169 2241
3905 4214
77 4214
2066 3303
2066 4085
438 2067
2 4350
4141 4350
4350 4800
677 2346
1601 4569
4266 4569
1626 4569
1950 4569
2881 3913
2478 3913
2891 3913
3913 4551
2592 3913
3370 4170
1358 4170
4066 4170
2686 3831
3735 3831
3831 4072
3150 3831
3831 4222
2371 3831
2328 4223
1158 4223
1836 4223
3616 4223
4223 4762
4223 4400
4168 4223
1462 4223
2890 4223
3468 4223
4067 4223
2729 4223
827 4081
827 1229
827 3786
99 475
99 379
647 2316
1081 2316
2521 3841
1273 3841
3277 4917
941 1032
858 4773
2323 3225
6 3225
2699 2955
559 2955
2955 3161
2955 4557
809 4323
809 4474
809 4716
778 1741
63 778
778 3079
197 778
778 1190
110 2799
110 1458
110 3286
1127 3080
2805 3409
2805 3313
512 2805
1961 3678
1961 4529
1961 3373
1399 1961
3015 4719
1762 4719
1114 1779
1779 3019
2965 4118
2965 3163
862 2965
1056 2965
760 2965
8 1951
2159 2731
637 2159
768 2159
1378 2159
26 460
26 4604
3241 3457
3457 3521
3457 3760
319 3457
1218 4366
720 1218
2064 2225
645 681
645 3552
645 1893
922 990
1046 4175
3883 4010
3220 3883
631 3883
1172 3883
957 2154
957 1513
3559 4473
2115 2237
1984 2992
1984 3942
176 1138
1138 3543
82 1426
1570 4465
1570 4183
1570 2162
756 1570
1570 2029
1570 2119
943 1578
943 1009
912 1725
912 2411
297 912
912 4518
912 956
2494 2753
301 2753
826 2753
1465 3016
1465 3328
1465 2358
1465 3170
1465 2058
1465 3022
964 2060
627 4853
2617 4853
931 4853
2485 4853
4054 4853
4339 4853
838 4091
1266 3967
1650 3967
3967 4023
2245 4012
2828 4012
3360 4012
729 4012
1912 4012
119 3124
178 1884
1884 3985
853 2382
3343 3979
1318 1395
859 4319
2859 4319
4319 4409
1070 4319
2168 4319
707 4319
483 4319
840 3039
3039 4167
3039 3519
83 3039
1224 3507
538 3175
2164 2288
2971 3210
2766 2971
3069 3496
2240 2987
4731 4770
1692 3103
3103 4242
1564 3103
3103 3978
1316 2369
86 1316
1316 2279
1316 4004
1231 1971
1231 3924
1231 2833
53 1231
332 1412
332 3712
103 332
332 4824
332 4107
790 2645
1259 2847
1259 3337
271 1259
451 1259
1156 4866
3765 4866
290 3274
290 1121
299 1985
1985 3201
1108 1985
2123 3358
1305 2717
2717 3570
2717 2990
1249 4820
1249 1902
1249 4522
339 1249
1300 4713
950 4713
1063 4713
2630 4737
596 4394
4511 4663
351 4531
217 4531
3608 4531
1734 3115
3684 4264
2044 2161
2044 4909
1366 2044
2044 2481
402 2044
5 4657
5 2255
5 241
5 3935
5 2708
561 2012
155 159
155 2385
155 3914
162 303
303 3057
303 2970
15 303
303 416
1168 2244
1168 1464
2878 4383
2580 4370
2580 4693
1449 1853
1853 2202
1925 2125
41 1925
11 3480
1198 2409
1279 2409
3092 4766
4695 4766
4648 4766
2560 3627
2902 4152
4152 4204
4152 4660
939 4152
190 3353
793 2209
169 1515
169 372
441 3905
2662 3905
3264 3905
29 3905
77 378
77 3970
3303 4525
1914 3303
935 4085
2067 2756
2067 3481
2 624
2 1603
177 4141
1073 4800
1064 2346
1601 2383
794 1601
3551 4266
2504 4266
1269 4266
589 4266
610 4266
4266 4965
1261 4266
265 1626
1626 2054
1950 3153
1863 1950
576 1950
1386 1950
1950 3346
1746 1950
977 1950
464 2881
1057 2881
2540 2881
1495 2881
410 2478
2523 2891
1152 4551
2471 4551
652 2592
2352 2592
1817 2592
2592 4855
423 3370
1358 4326
4016 4066
2686 3215
2686 4873
693 2686
161 3735
703 4072
4072 4691
1357 4072
2465 4072
3104 3150
2608 3150
49 4222
2371 2763
1632 2371
2371 2823
128 2371
2371 2515
2152 2328
2328 3886
2328 3863
2328 3299
2328 3785
511 2328
1017 2328
1158 2033
579 1158
515 1158
1158 4488
1158 4706
788 1158
1158 3569
1158 1966
1158 4013
1157 1158
1158 4282
1158 1975
1158 2909
1836 2109
1836 3319
1836 2663
1719 1836
918 1836
1313 1836
133 1836
216 3616
3616 4802
3347 3616
1315 4762
3929 4762
4134 4762
4483 4762
37 4762
4509 4762
1739 4762
897 4762
1777 4762
4161 4762
2139 4400
916 4400
2022 4168
4168 4295
3017 4168
4150 4168
4168 4916
949 1462
1462 2367
1462 2075
468 2890
2501 2890
2274 3468
3186 3468
1473 3468
2395 4067
4067 4068
2729 2745
2729 3445
2879 4081
405 4081
4081 4230
4081 4305
569 4081
3483 4081
4014 4081
2452 4081
1079 1229
346 3786
2869 3786
3663 3786
475 4227
379 2415
379 2140
379 1338
379 3037
379 3341
379 2893
379 2532
379 585
379 3131
379 1222
379 2827
647 3149
647 704
1081 2636
1081 2305
1081 4019
691 1081
1081 3332
1081 1411
2521 3101
1177 2521
2521 3628
1287 2521
2521 3315
1273 2556
771 1273
421 1273
3955 4917
1444 4917
275 4917
121 4917
3666 4917
1032 4498
1032 1481
3469 4773
3709 4773
3620 4773
578 2323
2323 4920
2323 3285
6 3553
2512 2699
559 2898
559 4040
559 2703
559 3453
559 4172
1425 3161
3161 4202
3161 4330
1764 4557
2720 4323
3671 4474
3937 4716
841 4716
3127 4716
4098 4716
2631 4716
3509 4716
1741 2438
891 1741
345 1741
846 1741
1741 4624
1741 4283
63 1897
644 3079
1122 3079
197 1331
197 4449
197 2674
197 4818
1190 2096
1190 3680
1354 2799
2401 2799
2570 2799
2342 2799
1987 2799
1458 2649
2414 3286
170 3080
3409 4831
3409 4616
2006 3313
512 3066
659 3678
2196 3678
592 4529
1432 3373
389 1399
80 1399
1399 3837
1399 3139
1736 3015
762 3015
309 1762
1762 3323
1762 4906
1762 2787
430 1114
639 3019
3019 3667
3019 4000
2487 4118
3061 3163
3163 4555
3163 4885
3163 4811
862 1756
862 2641
1056 4302
1056 3415
251 760
760 4685
760 4993
746 1951
978 1951
1951 2507
2731 3038
9 637
637 4863
637 2166
637 1976
637 2053
637 3783
768 1136
768 2984
1378 2824
1378 4894
460 570
460 1680
1200 4604
2336 3241
2009 3521
1135 3760
319 785
319 2043
2105 4366
495 4366
875 4366
720 2177
399 720
720 2379
1241 2225
2225 3397
681 2083
681 3665
681 3828
681 1801
681 4344
681 1077
681 4470
681 1324
3552 4871
1893 2325
1893 4329
1893 3618
990 3510
990 2298
1046 4556
3670 4010
4010 4426
1045 4010
3220 4931
2330 3220
1 3220
1910 3220
631 690
631 2173
1050 1172
2154 3895
992 2154
981 1513
1513 3852
2114 4473
1821 4473
2913 4473
1356 4473
757 2115
1546 2115
2115 4355
327 2115
1866 2992
1469 3942
176 2265
176 1559
176 3640
176 584
176 3589
176 1996
176 322
176 3631
3543 4865
82 3980
803 4465
481 4183
962 2162
1543 2162
756 975
756 4675
756 1478
756 3056
756 4749
2029 4433
2119 4902
2119 2587
842 2119
31 1578
95 1009
1725 3605
173 1725
1725 4928
2155 2411
2411 2937
2411 2854
297 3526
297 1403
297 3223
297 4683
192 4518
730 4518
4279 4518
3059 4518
2835 4518
956 4606
956 3971
956 3881
2494 4395
301 3089
826 2747
826 1282
602 3016
3016 4689
2122 3328
1740 2358
2358 2676
2358 3252
2519 3170
792 3170
24 3170
2058 2247
2058 3982
2058 3236
494 2058
2058 2223
3022 4126
3022 4559
964 2004
627 4084
215 2617
931 2683
594 931
2485 3534
536 2485
314 2485
2249 4054
2555 4054
3167 4054
2734 4339
48 4339
1210 4339
838 4859
755 1266
1266 2999
1266 1420
844 1650
726 1650
3965 4023
2245 4703
1867 2245
2828 4547
2828 3550
3360 4597
1936 3360
729 4656
729 3330
729 855
729 4907
729 4784
729 1575
1912 1941
1139 3124
1879 3124
178 4846
178 4562
2801 3985
853 2531
853 3730
853 4526
853 884
853 4156
853 1080
853 4540
853 4546
796 853
3343 4173
1238 3343
1318 4796
859 1886
2324 2859
16 2859
3300 4409
938 4409
2468 4409
1830 4409
3938 4409
1928 4409
1439 4409
2541 4409
985 4409
3772 4409
3925 4409
1455 4409
1070 2376
1070 1686
1070 3639
2168 2861
598 707
483 2632
483 4751
483 1001
483 782
521 840
840 4845
3451 4167
3519 4024
3519 4343
83 4176
83 136
2459 3507
538 3660
2164 3674
911 2164
1284 2164
3210 3976
542 3210
1036 3210
653 3210
2766 2997
2542 3069
880 3069
1242 3069
123 3069
361 2987
2987 4985
239 2987
740 2987
228 2987
2987 4618
4731 4923
4516 4731
232 4731
2025 4731
1545 4731
1692 2808
202 4242
577 4242
1330 1564
780 3978
2369 3963
940 2369
86 2762
86 4368
355 2279
2082 4004
4004 4109
2907 4004
608 1971
1903 1971
1971 4430
1971 4592
749 3924
750 3924
2833 4860
2833 3261
53 2048
53 2477
53 1840
53 268
53 1770
53 195
53 2562
1412 2498
1611 3712
103 3447
103 1092
885 4824
4107 4808
3191 4107
334 4107
1369 4107
2205 2645
367 2645
2847 3311
1772 3337
271 1360
451 3244
451 3380
1156 1690
1156 4293
1156 3087
1156 1263
93 3765
498 3274
3274 4253
3195 3274
39 1121
817 1121
299 586
299 3813
299 533
299 3459
299 3742
299 328
299 4408
263 299
299 3117
3201 4038
2473 3201
435 1108
1108 1586
2123 2916
1305 1336
1305 4986
1294 1305
1305 2250
308 1305
1265 1305
1305 2187
3570 4771
1576 2990
1540 4820
3232 4820
588 4820
313 1902
1902 2609
1365 4522
339 2137
274 339
339 2388
1300 2576
900 950
1063 3030
1063 2381
1063 1406
1063 3791
1063 4240
2630 3213
596 4452
1628 4663
3491 4663
362 4663
1031 4663
4313 4663
264 351
217 1456
217 1845
3608 4598
1171 3608
3608 4296
406 3115
3115 4664
3684 4069
1953 3684
662 2161
2161 3416
2161 3097
2161 4544
427 2161
2161 2821
2161 4363
701 4909
1366 2356
617 2481
2481 4245
1931 2481
402 4378
402 1582
164 4657
2142 2255
2255 2868
1167 2255
241 1788
241 1633
241 3849
241 4224
241 1717
241 3251
241 3399
390 3935
487 3935
590 3935
2708 4446
1072 2708
292 2708
2012 2527
159 4159
159 3723
159 761
2081 2385
411 2385
2024 2385
3914 4645
2647 3914
3500 3914
162 2049
162 442
162 3444
162 2819
2175 3057
461 2970
15 4550
15 3860
416 1131
416 4271
1525 2244
2244 4595
1464 1940
1464 2929
2878 3275
2878 3000
2878 4589
702 2878
2878 3864
2530 2878
2627 2878
1212 4370
3419 4370
3421 4693
1355 4693
1449 2444
2202 2764
397 2202
970 2125
41 4778
41 2189
11 4372
1198 2297
1198 1901
1118 1198
1279 3262
1279 3951
3092 3181
3092 4284
2348 4695
1048 4695
3118 4695
2783 4695
4648 4929
1892 4648
1320 3627
1895 3627
2902 3659
2710 4204
1795 4204
4194 4204
1185 4204
3464 4204
3854 4204
1442 4204
4660 4899
1528 4660
939 1044
190 1278
1143 2209
1515 4620
1515 2654
20 1515
372 1920
372 2145
372 4574
441 2447
441 1968
441 527
2662 3908
640 2662
2662 2908
2662 3474
2662 3376
2662 3199
1557 3264
1927 3264
46 3264
2019 3264
3264 4949
29 4384
378 485
3692 3970
3970 4354
3677 4525
623 1914
935 4095
2756 2884
1255 2756
657 3481
624 837
624 2439
1176 1603
177 282
1073 2578
1073 3007
1073 3119
1073 2390
1064 1088
2383 3283
1184 2383
404 2383
1186 2383
794 2222
794 1413
794 4738
794 1148
3551 3736
3551 3755
3551 4799
3551 4614
3551 4580
1196 2504
1269 3441
589 3853
589 2620
589 1125
187 610
610 3025
610 4627
610 3046
610 1126
610 2794
610 2800
610 4955
610 3227
417 4965
3629 4965
1261 3082
1261 2812
1261 2074
1261 4575
1137 1261
1261 2099
265 4110
265 1496
2054 2658
1907 2054
1992 3153
668 3153
1059 3153
2118 3153
2062 3153
2862 3153
1863 4184
1863 4157
576 2270
576 2103
1386 3362
1386 2876
1386 2685
1386 3269
1386 3651
3346 3922
1746 2782
1746 1794
1549 1746
139 1746
977 1414
464 1783
1057 3580
2540 3448
1246 1495
1495 2510
583 1495
410 1724
410 713
410 4048
410 787
410 3333
410 2644
1194 2523
1071 2523
655 1152
1613 2471
2471 3425
2471 3720
652 1900
2352 4590
661 2352
68 1817
889 1817
312 1817
1267 1817
1817 3769
1817 3757
1817 3560
1817 1915
147 4855
423 2430
903 4326
1482 4016
915 3215
1441 4873
693 1598
693 4870
693 2464
693 1211
693 4454
161 2343
161 3486
703 1297
703 4108
2357 4691
3793 4691
4599 4691
3367 4691
1291 1357
7 1357
2232 2465
2543 3104
2608 4347
49 3794
49 4441
2186 2763
1632 2760
145 2823
2823 4491
1431 2823
128 4042
128 2874
2515 4600
743 2515
813 2515
2515 3128
1074 2515
4 2515
1385 2515
2152 4662
1556 3886
3863 4148
2786 3863
440 3299
920 3299
3299 3824
340 3299
3299 3683
2421 3299
3290 3785
511 656
511 2047
1017 4053
1017 3318
2033 2489
2033 4185
2033 3598
579 1363
515 1352
1616 4488
2443 4706
788 2605
2035 3569
1966 4801
1966 4112
1966 4733
1966 4196
1966 3518
4013 4533
873 4013
1542 4013
3301 4013
574 4013
2788 4013
415 4013
514 4013
1157 3222
1157 3964
1157 2616
925 4282
418 4282
1911 1975
1919 2909
2109 3809
2109 3289
2284 3319
305 3319
1952 2663
1719 2403
918 2882
918 2117
965 1313
133 1780
133 4654
133 2664
216 1391
17 216
2668 4802
2974 4802
1090 3347
810 3347
2802 3347
3347 4828
3347 4192
1315 2670
3929 4632
3100 3929
3929 4062
2156 3929
3856 3929
3929 4357
3929 4995
387 3929
2362 3929
3929 4997
3929 4579
1791 3929
1047 3929
942 4134
3752 4134
1372 4134
1107 4134
2736 4483
3392 4483
37 907
37 783
4361 4509
994 1739
1739 2071
1739 3394
897 3375
897 3281
1777 4182
1308 1777
3807 4161
1346 4161
3166 4161
4161 4584
3504 4161
2139 3557
143 2139
550 2139
2139 2158
2139 3578
2139 4591
916 1714
916 3641
916 1688
916 3983
916 3460
2022 4046
465 2022
4295 4513
500 3017
3017 3488
3017 4994
2499 3017
1852 3017
2136 3017
3017 3625
302 3017
2539 3017
2740 4150
1504 4150
2735 4150
249 4916
949 3748
949 1568
2367 2657
2075 4875
2075 4396
2075 4373
1445 2075
2075 2944
1760 2075
444 2075
2075 2251
1491 2075
468 2834
2501 3185
804 2501
1937 2274
2274 4747
2274 3642
1829 2274
2274 4087
2274 4677
2274 4407
2274 4976
2069 2274
3186 3259
1473 4721
1565 2395
1039 4068
1497 2745
3179 3445
1247 3445
3352 3445
1623 3445
914 3445
3445 3732
1037 2879
930 2879
405 4792
98 405
2733 4230
1479 4230
3669 4305
569 3391
569 3878
3144 3483
664 3483
3654 4014
2452 2547
568 2452
401 2452
1079 1408
1079 4508
286 346
346 3260
346 1704
2869 4984
1622 2869
2000 2869
1986 2869
2869 3036
2869 3053
1742 3663
547 4227
1489 2415
823 2415
2415 3687
1896 2415
2140 4427
2140 4530
1338 1842
669 3037
1864 3037
3037 4791
3341 4353
424 3341
3189 3341
1309 3341
407 3341
2893 4041
1640 2893
2893 3802
732 2532
2532 4388
1664 2532
2151 2532
585 4051
489 3131
3131 3601
3131 4501
2407 3131
1222 1457
2827 4434
1364 2827
2130 2827
1023 2827
1219 2827
2169 3149
2233 3149
3149 3619
704 4585
2636 3721
2636 3384
2636 3958
2636 3668
1572 2305
1806 2305
2305 4331
3724 4019
691 4217
1548 3332
518 3332
3326 3332
348 1411
1411 2290
3101 3325
1177 4345
1177 2231
1541 3628
3628 3939
3628 3887
764 3628
1287 3931
3294 3315
2673 3315
3315 3943
1619 3315
1634 2556
771 3424
771 784
771 4720
421 3155
421 4057
421 816
2634 3955
1706 3955
1444 3613
565 1444
1444 2406
275 4968
275 1397
275 3058
275 499
275 1179
33 275
275 1583
275 1111
121 2813
121 2656
3171 3666
1588 4498
437 1481
3469 4517
3709 4256
1268 3620
2354 3620
578 4485
578 1974
578 4111
4877 4920
4123 4920
3885 4920
1116 3285
2581 3553
3553 3562
3553 4610
493 3553
3535 3553
2275 2512
2642 2898
1027 2898
1609 2898
1160 2898
2299 2898
2112 4040
835 4040
2703 3933
1416 3453
1970 3453
1454 3453
4017 4172
1480 4172
4058 4172
1425 4652
600 4202
2724 4330
1764 3242
2720 3986
2315 3671
901 3671
1409 3937
3937 4856
3937 4455
3537 3937
3937 4367
841 3485
841 3999
530 841
841 847
841 2345
366 3127
3127 4469
3127 4303
4098 4099
181 2631
3509 4593
3348 3509
1655 2438
394 2438
1145 2438
1466 2438
2438 3699
733 2438
2438 4479
717 2438
2438 4982
718 891
891 4876
891 1602
345 4983
345 4500
345 1359
345 2518
345 3869
846 4117
846 2253
846 4650
4624 4889
2594 4624
220 4624
3031 4283
1897 4904
199 1897
1897 2672
644 676
92 644
1122 1938
1169 1331
971 4449
1410 4449
1862 4449
2674 4273
4457 4818
2096 2332
2096 4631
3516 3680
3490 3680
3680 4884
1354 3250
1354 4974
2188 2401
2401 4587
2401 4102
2570 2814
1873 2570
2092 2570
219 2570
347 2342
2342 2565
2342 4825
960 2342
113 2342
2342 3393
1987 3541
1987 3109
2649 4888
2414 3256
170 1296
1573 4831
4276 4831
311 4831
4616 4754
815 4616
724 2006
510 3066
1521 3066
3066 4510
659 923
414 659
659 1860
659 2678
659 2776
659 1485
2196 2985
1237 2196
592 4037
172 1432
1432 3041
389 1726
389 1286
80 4478
80 3248
80 3420
80 1153
80 4229
80 3872
80 2602
2380 3837
3139 4542
1736 4179
1736 3875
762 4740
309 3004
2480 3323
2267 4906
3600 4906
3621 4906
18 4906
3842 4906
2787 3820
430 3177
430 1094
430 1935
430 1257
430 2774
639 894
218 639
639 1429
639 687
3667 4462
3667 4926
2397 3667
1424 3667
3667 4981
2266 3667
3667 4507
2437 3667
3667 3987
114 3667
772 3667
3162 3667
3667 3708
2503 3667
2034 3667
3112 3667
1989 4000
2487 4480
2487 3576
1087 2487
626 3061
3061 3713
3679 4555
1807 4555
4532 4555
4444 4885
2190 4885
946 4885
4811 4878
1756 4558
1756 3891
2641 4887
4288 4302
3113 4302
936 4302
3336 4302
3415 3788
1317 3415
2936 3415
3415 3996
338 3415
251 2174
251 722
4521 4685
1612 4993
746 861
978 3308
1769 2507
1838 2507
2055 2507
546 3038
3038 4646
2905 3038
9 3141
2690 4863
4863 4945
678 4863
1677 4863
3525 4863
4049 4863
1154 4863
2166 3859
1799 2166
2166 4637
1917 2166
2166 3246
2166 4649
2166 2798
1825 1976
2053 3190
1618 2053
140 2053
2053 3846
1991 2053
2318 3783
1552 3783
1136 3023
315 2984
2061 2984
2984 4352
2824 3884
358 4894
570 1550
570 2308
1109 1680
1680 3838
1680 4725
959 1680
1200 4448
1288 2336
2009 3214
2009 2340
1135 3626
1135 2650
1135 1851
974 1135
1135 1577
1135 2429
785 4612
785 4735
785 2661
785 3995
785 1815
1203 2043
1963 2043
2043 2840
2105 4905
2105 3862
2105 2597
2105 4914
2105 3428
2105 2960
183 495
875 4661
875 1332
1872 2177
2177 2184
2177 3847
58 399
399 3780
399 2571
1668 2379
1753 2379
1241 1501
719 3397
279 2083
2083 3701
22 2083
2083 3707
3630 3665
3828 4139
554 3828
3123 3828
3754 3828
3414 3828
1981 3828
1014 1801
1801 3901
1801 1916
1801 4944
360 1801
4344 4626
4344 4365
1671 4344
4274 4344
1077 2283
4232 4470
4255 4470
1253 1324
2192 4871
991 4871
2107 2325
2325 3292
2325 4973
856 4329
2537 4329
545 3618
3156 3510
2097 2298
2298 4621
1563 4556
1277 3670
2110 4426
898 1045
1045 2923
3867 4931
4236 4931
2301 4931
646 4931
822 4931
4644 4931
4239 4931
4505 4931
2667 4931
2330 4094
2330 4241
612 2330
61 2330
2143 2330
1 4886
1 3906
1 2113
1910 3188
690 3266
690 4418
690 1452
690 932
674 2173
2173 4286
2173 2344
2173 4290
2173 3093
899 2173
1050 4238
1050 3603
1050 1379
2392 3895
1954 3895
992 4892
981 1956
3852 4933
3011 3852
2306 3852
1691 2114
1821 2692
2426 2913
2913 4756
1356 4951
1356 1959
1120 1356
757 3040
1546 4972
1546 4113
4355 4625
327 3431
327 2373
327 4953
327 4549
327 878
524 1866
1866 3090
1866 3184
1381 1866
1469 3439
1469 3172
1469 1512
1469 3083
1040 2265
224 1559
1113 1559
2238 3640
3640 4376
3640 4178
863 3640
2213 3640
584 1276
584 3207
3589 4300
1333 1996
1298 1996
322 3508
3064 3631
238 3631
3048 4865
1199 4865
4027 4865
3980 4578
803 819
803 3084
481 2078
962 4135
962 3531
160 962
692 1543
975 1437
975 3992
975 2919
975 4165
2134 4675
2671 4675
580 4675
1478 4903
1514 3056
1348 3056
2111 4749
2341 4749
2312 4749
2127 4433
4902 4948
2195 4902
1085 4902
2587 3632
842 3202
31 3378
31 4442
31 2696
31 1093
31 4515
31 2146
95 1453
95 283
3605 4734
902 3605
2281 3605
173 1272
843 4928
1223 4928
4928 4992
3499 4928
2039 4928
3132 4928
1398 4928
1289 4928
4837 4928
2155 3903
2937 3317
111 2937
2144 2937
723 2854
2046 2854
2854 4692
1292 2854
3526 4935
3526 3954
893 3526
2514 3526
1403 3268
1403 4829
3223 3689
1448 4683
2981 4683
1295 4683
55 192
192 3686
192 4334
730 3368
730 2852
90 4279
1667 3059
3059 4389
725 3059
2730 3059
2758 3059
2660 2835
4133 4606
1858 3971
3143 3881
2751 3881
808 3881
908 3881
3881 4946
3881 4052
508 4395
2702 4395
3089 4528
3089 3744
3089 3984
3089 3520
1834 2747
2747 3882
2747 4104
2747 3897
1202 2747
2181 2747
2747 3581
834 1282
602 2180
1757 4689
1642 2122
1740 3575
1740 4674
927 1740
910 1740
1740 2455
2676 3033
1147 3252
3252 4445
2749 3252
2519 4451
2239 2519
792 2544
792 1394
24 2978
2247 2767
2247 2263
2247 3121
79 3982
3236 4605
384 494
1641 2223
1530 2223
2223 4050
3602 4126
1097 4126
3329 4126
4126 4857
854 4126
663 4559
4559 4673
1662 2004
2004 2017
458 2004
1859 2004
1091 2004
1401 2004
149 4084
1418 4084
4084 4213
3355 4084
1035 4084
215 337
215 226
215 2624
2683 3024
2683 4289
594 1337
594 1964
594 1520
1894 3534
3395 3534
3 536
536 2128
536 4332
102 536
536 672
467 536
314 3068
1979 2249
1002 2249
2555 3764
3167 3335
2734 3314
1789 2734
48 3081
48 3187
48 1270
1210 4180
2425 4859
755 4642
755 3400
755 4769
2817 2999
1420 2715
1204 1420
1420 1745
844 3276
844 1967
726 1322
726 1134
726 1311
1778 3965
2943 4703
2116 4703
683 4703
2191 4703
2360 4703
1867 4779
1192 1867
2359 4547
4547 4963
2709 4547
2932 4547
1149 3550
3159 3550
3550 4137
146 3550
4597 4603
4412 4597
3027 4597
1936 4682
1936 2207
466 1936
1936 3823
995 1936
1099 4656
1119 3330
2256 3330
1759 3330
3330 4519
2216 3330
855 1007
855 2218
855 1374
526 855
855 4481
4377 4907
801 4907
1605 4907
126 4907
1025 4784
754 4784
2013 4784
3745 4784
352 4784
1869 4784
1575 3438
1575 4647
1575 1648
447 1575
473 1575
1941 2727
1139 1538
1488 1879
1879 4489
330 1879
3365 4846
4506 4846
2682 4846
3990 4846
775 4846
739 4562
716 2801
2531 4843
2531 4356
1585 3730
3730 4503
1460 3730
1016 4526
884 2138
884 1698
1674 4156
4156 4991
2259 4156
2784 4156
3593 4156
1080 3013
1080 4322
2722 4540
4540 4560
4545 4546
1339 4546
1980 4546
1729 4546
3071 4546
4174 4546
3029 4546
796 2476
796 836
2529 4173
1238 1702
25 4796
4147 4796
4200 4796
770 1886
2324 3617
2197 2324
2219 2324
16 1697
16 556
16 4375
16 1810
16 2349
16 2289
16 4261
16 3579
16 2292
16 625
1693 3300
3300 4864
1733 3300
1450 3300
1389 3300
166 938
2468 3770
2210 2468
1607 2468
2468 4966
419 2468
2468 3484
296 2468
906 1830
1830 4701
3297 3938
2837 3938
3418 3938
2320 3938
2404 3938
1928 4340
1928 3688
1439 3549
2167 2541
851 2541
877 985
985 2386
2921 3772
449 3772
1785 3772
1701 3772
242 3772
1591 3925
1455 1647
1455 1850
2376 4257
2303 2376
198 2376
428 2376
2376 4280
1686 4970
1686 2434
1686 3475
1347 1686
1686 3801
3639 4924
1878 2861
548 2861
961 2861
2375 2861
1888 2861
59 598
598 982
2347 2632
3193 4751
1001 4122
1001 4346
541 782
782 1240
782 1782
67 782
56 521
521 2423
521 2243
521 699
521 953
521 1146
521 4059
521 4162
521 1752
521 3758
521 4397
521 3776
521 3703
107 4845
4193 4845
2832 3451
503 3451
2372 4024
2680 4343
745 4176
1038 4176
136 3994
136 2353
1854 2459
2961 3660
3660 3672
2585 3660
3674 4206
911 2203
1284 1487
1284 3034
1284 2569
1283 1284
1284 3941
324 3976
3719 3976
542 2975
542 630
542 4197
542 4435
490 542
542 3975
542 2651
1036 4025
1036 4727
392 653
653 3055
1849 2997
1018 2542
469 2542
880 1258
1242 2635
1242 3051
1242 2977
1242 2889
1242 3217
1242 1728
123 909
361 3060
361 3568
2204 4985
4143 4985
239 3918
239 3107
239 3696
239 3645
239 1589
239 1994
740 3711
228 2496
189 4618
492 4618
229 4618
3146 4618
4246 4923
2533 4923
2431 4516
1076 4516
4516 4561
1208 4516
232 2968
112 232
38 232
232 4429
152 232
2025 4311
1934 2025
1375 1545
613 1545
572 1545
2714 2808
350 2808
2808 4710
202 1837
202 3461
577 1161
577 1178
1330 4726
1330 3988
1330 4398
1330 4834
780 4658
1285 3963
940 3998
2762 2773
1593 2762
2762 3548
1159 2762
2762 2780
396 2762
1748 4368
355 2453
355 1000
355 3403
355 3154
1790 2082
3528 4109
222 4109
1084 4109
1608 4109
3440 4109
660 4109
4109 4166
812 4109
3194 4109
2488 4109
3515 4109
1906 4109
2907 3130
2037 2907
608 4458
608 1818
608 1747
608 3898
1517 1903
4430 4898
2326 4592
66 4592
3894 4592
749 4536
750 1021
750 888
420 4860
2915 4860
2719 4860
2228 4860
1103 3261
3261 4103
1958 3261
3261 4893
1467 3261
118 2048
174 2048
459 2048
2048 4869
1654 2477
1840 1898
268 4492
268 2147
1770 4611
1770 4413
195 2966
195 2509
195 3197
195 443
2520 2562
2562 3805
252 2562
2562 4011
705 2562
2562 3095
179 2498
1999 2498
1553 2498
1611 1949
1592 1611
1611 4215
206 3447
1092 4270
628 1092
1092 4594
1092 1803
380 1092
885 2393
1174 4808
3191 3960
2810 3191
1600 3191
277 334
334 2420
334 4524
1369 4317
1369 1871
1369 3209
1768 2205
2205 2550
2205 3273
367 2460
1304 3311
1808 3311
3311 3710
1772 3479
1360 1835
209 1360
1360 3477
3244 4262
3014 3380
317 3380
1433 1690
2333 4293
3073 3087
1263 4932
93 933
93 4260
93 867
498 3049
498 741
4005 4253
711 4253
3195 3932
839 3195
2548 3195
1904 3195
1503 3195
363 3195
1117 3195
3195 3870
39 535
817 2583
817 3074
586 1144
586 3599
3813 4022
533 929
533 1735
2652 3459
1694 3742
1755 3742
3742 3950
3742 3790
328 1165
306 4408
3164 4408
263 3523
263 2825
3117 3396
1043 3117
3117 4774
3117 4065
2604 3117
1446 4038
2473 2952
435 984
435 3646
435 4776
435 2065
435 4821
435 1353
435 4471
435 629
435 2552
154 1586
1586 2311
1586 2457
2916 4780
320 2916
472 2916
2916 4947
1721 2916
1336 1775
2687 4986
1377 4986
4140 4986
193 4986
4986 4998
4812 4986
1294 3658
2250 3633
356 2250
1041 2250
2250 4362
2250 4237
1089 2250
696 2250
2250 4583
2250 3738
1142 2250
308 4854
688 1265
194 2187
1217 4771
2748 4771
777 4771
1576 2384
1576 3042
1463 1576
1576 1876
831 1576
1423 1540
2321 3232
2057 3232
588 4851
588 2572
142 313
313 4029
2609 3959
1969 2609
727 2609
267 2609
1365 2980
1365 3339
1754 2137
2137 2294
917 2137
2137 3006
274 357
1536 2388
2576 4324
2576 3067
900 905
900 4360
900 1544
791 900
3030 4858
2892 3030
2418 3030
1472 3030
3030 3812
188 2381
1384 2381
2381 4768
781 2381
2381 4119
824 1406
3138 3791
603 3791
1595 4240
200 3213
744 3213
829 3213
289 4452
4452 4867
1628 2697
3491 4655
3293 3491
3491 4318
335 362
852 1031
1649 4313
2286 4313
264 2653
1456 2979
988 1845
1845 4144
516 4598
1171 1973
3176 4296
134 406
406 3771
1245 4664
1101 4664
4164 4664
344 4069
1244 4069
1953 4714
662 1792
662 3111
662 3759
2338 3416
1034 3416
2015 3097
3097 3728
2026 4544
427 2711
427 737
2821 4586
4363 4577
701 3054
2356 2470
2356 4440
2356 2593
617 4299
617 4320
2461 4245
1931 2744
4378 4571
1303 1582
954 1582
164 3624
164 246
164 1551
2142 2746
2142 2366
205 2868
2868 3342
1882 2868
658 2868
2868 4961
685 1167
1167 4835
1788 2365
1643 1788
1788 1983
1054 1633
431 1633
3849 4208
2559 4224
1717 3075
1717 4922
1717 4554
3251 4158
1824 3251
3251 3371
1685 3251
2073 3251
3267 3399
2424 3399
2989 3399
3135 3399
390 3592
390 2864
390 2796
487 2260
487 2951
487 2803
590 633
3383 4446
3487 4446
4446 4722
1015 4446
4446 4882
2870 4446
247 1072
288 292
2527 3321
196 4159
3122 4159
4035 4159
4159 4564
2419 4159
3723 3749
2041 3723
761 1062
373 761
528 2081
2081 4601
1638 2081
411 4815
411 1440
411 452
2024 3725
872 2024
2024 2149
2024 4298
828 4645
2647 4207
591 2647
2647 4761
2199 3500
2049 2450
442 1201
442 4651
952 3444
2280 2819
2175 2553
461 4120
1660 4550
3945 4550
2590 4550
2126 4550
3860 4216
1131 1670
3043 4271
4075 4271
1525 1580
1525 2227
1367 1525
1405 4595
3911 4595
3775 4595
581 4595
1940 3369
35 2929
266 2929
544 2929
2929 4453
665 2929
3275 4044
1665 3275
3000 4848
3949 4589
78 4589
702 1797
951 3864
2530 2601
2627 3465
2627 4304
2627 3344
2077 2627
1579 2627
1212 1796
1212 3565
1212 3492
1060 1212
635 1212
1212 4803
3304 3419
3421 4694
2014 3421
1123 1355
1355 2904
1493 2444
1110 2764
397 4359
397 3045
397 606
397 2872
970 2566
369 970
336 4778
64 4778
2475 4778
2189 3001
2189 3612
4265 4372
1868 2297
2297 4101
1105 2297
1042 2297
1901 4641
236 1118
122 3262
3951 4026
3951 4201
3192 3951
1428 3951
2599 3951
2829 3181
3181 3472
1865 4284
135 2348
2348 3245
1048 3200
709 1048
1048 3168
1048 2626
818 3118
807 2783
2554 4929
638 1892
75 1892
1892 2568
1892 4030
1892 4809
540 1320
1895 2844
1723 3659
477 3659
700 3659
2914 3659
1722 3659
753 2710
27 1795
1795 2918
4073 4194
19 1185
1185 1773
227 1185
2822 3464
3464 3902
876 3464
2818 3464
2271 3464
3464 3574
2969 3854
1442 2639
1006 1442
605 4899
4436 4899
4487 4899
1528 1656
1528 1597
1044 3044
1278 4552
1278 1673
886 1143
1143 3032
735 1143
1143 3021
1143 4464
966 1143
1143 1301
1143 1822
310 1143
1143 3796
864 4620
1787 2654
2654 3756
2654 3291
20 2564
1920 4219
1848 1920
1596 1920
1843 1920
2145 3611
100 4574
1180 4574
3588 4574
551 2447
1968 4032
1302 1968
243 1968
527 4950
527 3910
527 1451
527 3544
2212 3908
2972 3908
3198 3908
640 4146
640 3364
2908 3595
2908 3361
1164 2908
2072 3474
2524 3474
2779 3474
3376 3811
3376 4927
3376 3502
944 3376
1415 3199
2986 3199
2625 3199
2998 3199
806 1557
1557 2741
501 1557
1927 2941
1927 2070
1927 3561
1927 2614
913 1927
1329 1927
1927 2121
634 1927
557 1927
51 1927
46 1695
2019 3133
1887 2019
2505 4949
4384 4830
4384 4979
2335 4384
257 4384
4384 4386
1646 4384
4243 4384
57 4384
485 3858
2317 3692
3388 4354
2449 3677
3676 3677
3407 3677
434 3677
3677 4328
623 4287
623 3989
3116 4095
1856 2884
2884 4234
1225 2884
2884 4269
304 1255
1255 1470
682 1255
1255 4494
1255 2950
1255 1781
657 2973
657 802
657 2428
657 774
409 657
825 837
837 4190
2439 4231
2439 4292
2439 4588
1176 3888
1176 3826
1176 2612
1176 2899
1176 4699
282 2008
282 1875
2578 3706
1086 2578
2578 4259
882 2578
2578 2586
2888 3007
3007 4285
3007 3540
2068 3119
1620 2390
2390 2588
820 2390
2390 2857
558 2390
1624 2390
1088 2257
1502 3283
2011 3283
3283 3498
1184 1776
404 4680
404 1948
404 1909
404 998
404 4723
404 2462
1186 4187
2222 4942
2222 4659
2222 3076
1413 2596
1413 2005
2655 4738
4210 4738
3322 4738
1148 3915
1148 2416
3736 4862
1890 3736
562 3736
3755 4379
3755 4512
3354 3755
3643 3755
2849 4799
607 4799
4338 4799
3442 4614
65 4580
1196 3229
2958 3441
115 3441
3441 4576
2268 3441
751 3853
1321 3853
3449 3853
1483 3853
2996 3853
2620 4321
1125 2020
187 539
1511 3025
3025 4128
62 3025
3025 3753
3025 4959
2993 3025
3025 4568
4627 4643
30 4627
904 4627
3844 4627
1534 3046
1126 4746
1126 2688
1126 4788
1126 4496
767 1126
2370 2794
165 2800
573 4955
1051 4955
3206 4955
1260 4955
1993 3227
1195 3227
486 3227
3227 4729
1096 3227
1003 3227
417 1532
417 1844
417 2611
417 2666
436 3629
3629 3800
1100 3082
1631 2812
1881 2074
1712 2074
2074 3577
2074 2108
2705 4575
97 4575
3615 4575
1137 3174
1137 3047
1137 4439
1137 4952
1137 1328
1137 2956
1008 1137
1137 1885
1137 4364
1137 3591
883 1137
81 1137
1137 3747
1137 2063
287 2099
3443 4110
1571 4110
4110 4777
42 1496
1496 4619
2522 2658
2658 3804
2658 3584
1907 3661
1813 1907
1992 2391
1010 1992
1992 3456
1569 1992
1992 4736
1992 4071
1535 1992
156 668
1059 1197
1059 3538
1727 2118
2062 2374
89 2062
1918 2062
2862 4534
2589 2862
1013 2862
2595 2862
408 4184
3351 4184
1978 4184
1508 4184
1052 4184
3877 4184
3566 4184
453 4157
1162 4157
776 4157
2500 4157
3063 4157
2270 4670
2103 4336
2600 3362
2536 3362
2957 3362
3239 3362
758 2876
1254 2876
2876 2912
2876 4009
2685 3773
234 3269
2725 3269
805 3269
3269 3517
3651 4880
3651 3947
3651 4980
2282 3651
3651 4697
763 3651
1599 3651
1447 3922
2782 3739
1794 4106
1794 4169
1252 1549
1549 2235
139 4705
139 2843
1414 4676
1783 2272
1783 2045
1783 3586
2618 3580
1998 3580
3448 3587
3448 4789
456 1246
2510 2638
583 4745
583 881
980 1724
713 4687
532 713
4048 4248
787 2920
787 3379
787 3412
787 4686
787 1921
667 787
450 787
787 4422
787 1510
787 921
3333 3564
3333 4565
2644 4839
1194 3836
1194 3247
1071 2838
1071 3432
1071 3961
109 1071
1071 4840
655 4672
655 738
445 1613
1613 2983
1613 3607
1613 3851
1613 3173
1613 4823
728 1613
1613 3226
972 3425
281 3425
3720 4475
141 1900
1900 3693
679 1900
1900 3219
1900 1922
1900 2291
4590 4813
661 4795
661 3513
661 3302
661 4628
68 4124
889 1049
889 1711
889 4077
889 3700
312 4790
312 3310
312 4131
1267 2546
1267 4709
3656 3769
1947 3757
2922 3560
721 1915
1915 4191
321 1915
1731 1915
147 4443
2430 4934
903 928
1482 3338
1482 2959
1482 2300
986 1482
915 4639
915 2412
915 3028
87 915
1441 3471
1163 1598
3406 4870
2464 4417
1507 2464
2051 2464
1498 2464
1211 1891
2086 4454
765 2343
2343 3327
2343 4741
248 2343
3345 3486
1581 3486
293 3486
3452 3486
649 3486
1459 3486
1297 4392
1297 4209
1297 4001
3991 4108
2442 4108
2357 3356
2526 3793
575 4599
2790 4599
3494 4599
2721 4599
3367 3524
3367 4937
1291 3340
7 4495
7 868
7 1417
2232 3489
2232 4763
2232 4806
2232 3120
2232 3450
1392 2232
2232 2293
2232 2694
651 2232
2543 4244
2543 4757
1847 4347
491 4347
3794 4759
3216 4441
1419 2186
1150 2186
2760 2775
2760 2793
857 2760
145 3455
145 4250
3997 4491
1350 4491
3506 4491
3797 4491
2408 4491
2508 4491
1430 4491
1431 1555
2003 4042
1689 4042
4042 4381
4042 4967
1645 2874
1637 2874
2874 4910
3012 4600
105 4600
743 1216
743 3408
743 2361
203 743
813 4913
813 4076
813 2331
736 3128
1074 1293
1074 1554
462 1074
4 3349
1385 3493
1385 4730
2217 4662
1556 1560
3423 4148
3433 4148
2018 4148
3866 4148
1805 4148
1933 4148
2786 3803
2786 4349
2786 3781
440 4033
440 1997
440 1857
440 2085
440 4748
440 1490
440 2750
440 2183
920 2860
920 3437
920 4688
920 947
284 3824
180 3824
340 710
40 3683
3683 3832
2421 4043
1926 2421
2421 2677
13 2421
2421 4938
2421 4939
1434 3290
656 680
656 3359
201 656
656 2534
656 4535
2047 3253
2047 4785
1083 2047
2047 3542
1828 4053
3324 4053
3746 4053
3318 4704
694 2489
2178 4185
3956 4185
1082 4185
1720 4185
3598 4003
2928 3598
3476 3598
3539 3598
1363 2084
1363 1396
543 1363
1363 4807
1363 3390
989 1363
1363 1522
1352 4764
151 1616
2443 4369
1187 2443
2443 3366
684 2605
2605 3896
2605 4890
1965 2605
1438 2035
2035 2242
125 2035
1509 2035
273 2035
2035 4609
3916 4801
1738 4801
1280 4801
3558 4801
2737 4801
611 4801
731 4801
1233 4801
4112 4543
3035 4112
3411 4112
1539 4112
3512 4112
890 4112
325 4112
254 4112
1461 4733
4233 4733
3010 4733
3604 4196
1629 4196
3596 4196
4196 4275
2427 4196
3518 3798
1957 4533
873 955
873 3923
873 2866
873 4406
873 4634
873 2875
873 2701
1542 3546
1542 2765
307 1542
1542 1621
1542 3126
1542 3774
3301 3386
341 3301
574 1644
482 574
2788 4064
415 2806
127 415
415 4415
514 4793
3222 4419
2277 3964
1226 3964
648 3964
887 3964
2616 4385
614 925
925 3814
418 3889
1681 1911
1911 3050
1919 4964
1908 3809
2036 3809
2364 3289
1477 3289
3289 3784
2284 2285
2284 2511
148 2284
2284 3904
305 398
305 3698
305 2785
1952 2052
734 2403
742 2882
1710 2117
2117 4074
2117 2607
534 2117
1932 2117
2117 3180
2117 3357
368 2117
2117 3282
965 2964
965 4220
965 2007
1780 3467
1780 2160
1761 4654
1518 4654
2826 4654
471 4654
1816 4654
3278 4654
2664 4252
2220 2664
1826 2664
2664 3221
1939 2664
2664 2995
1391 3685
17 2691
17 1749
17 798
2668 5000
1820 2974
1090 4667
810 3834
810 1342
1617 2802
433 4828
3582 4828
2206 4828
4414 4828
1387 4828
3623 4192
2670 3237
4421 4632
4291 4632
618 4632
4092 4632
96 4632
3100 4203
70 3100
1765 4062
2156 2739
2156 3702
2156 2435
171 2156
2106 2156
144 2156
1141 3856
2732 4357
137 4995
3857 4995
4151 4995
3363 4995
1737 4995
3818 4995
387 4228
387 2273
387 3637
387 4728
387 525
387 2399
253 2362
2362 4371
2362 3833
2198 2362
88 4997
2001 4579
1390 4579
116 4579
3279 4579
3148 4579
1791 3255
1791 3681
365 1791
1047 3096
1047 2646
1047 4337
1047 1069
769 1047
1047 2830
1047 2567
1047 2726
942 1474
513 3752
1372 2032
712 1372
1107 2497
2736 2871
2622 2736
223 3392
1883 3392
907 3821
907 1371
783 4573
783 4969
783 2038
783 1627
4129 4361
3152 4361
3413 4361
3737 4361
850 4361
4361 4753
4361 4638
994 4125
28 994
2071 2193
270 2071
2071 4566
2071 4145
2883 3394
60 3375
3281 4567
3281 3316
3281 3969
326 3281
1913 4182
3873 4182
329 4182
1308 2314
163 1308
1308 4850
2759 3807
1281 1346
1346 3530
3166 3563
2934 4584
4584 4956
2962 3504
848 3504
632 3504
413 3504
3504 3880
1679 3504
1193 3557
1388 3557
478 3557
1274 3557
143 4602
550 3917
2158 2351
3578 3726
3005 4591
860 4591
830 4591
4591 4879
1714 4432
3065 3641
244 3641
2885 3641
748 1688
1004 1688
3983 4847
1519 3460
2640 4046
465 3644
4450 4513
2087 4513
2313 4513
2924 4513
4171 4513
1075 4513
500 2456
3488 3830
2781 4994
3750 4994
4613 4994
4911 4994
2499 3478
2499 3934
1852 3312
866 2136
3625 4615
3086 3625
2319 3625
474 3625
231 3625
3625 4760
1368 3625
302 2236
302 2100
302 1436
1945 2539
2539 4034
996 2740
1504 4827
32 1504
1486 2735
2735 4154
2735 3402
1682 2735
73 249
249 874
3748 4428
1568 3779
2657 4277
2657 4031
400 4875
4396 4918
280 4396
1505 4373
1445 2894
2944 4459
210 1760
1760 2848
1630 1760
444 616
2251 3792
2251 4060
1491 1839
72 2834
2834 4380
76 3185
131 804
1937 3799
3062 4747
3662 4747
3642 3743
2089 3642
1422 1829
1829 4314
1861 4087
4087 4629
1841 4087
1335 4087
2598 4087
1402 4087
1341 4677
560 4677
54 4407
3272 4976
1972 4976
2069 2264
1811 3259
213 4721
1370 4721
4570 4721
1565 3716
1565 2842
1565 2278
1565 3825
504 1039
1497 3926
1124 1497
1497 2516
1497 3787
1497 2991
1639 3179
2492 3179
393 1247
1247 3789
1247 3751
1247 1362
3352 4765
255 3352
1239 1623
1623 2896
1623 3151
865 914
914 3218
914 2056
795 3732
993 3732
3732 4502
3422 3732
976 3732
3280 3732
1468 3732
2432 3732
1067 3732
1012 1037
930 2102
930 1343
930 1905
930 2628
3890 4792
2171 4792
3893 4792
98 3430
98 1189
98 157
98 621
98 1610
98 2575
98 2027
2733 4630
2733 4080
2733 3094
1349 2733
2733 3522
2733 4342
2733 2947
752 1479
1479 3766
3669 4105
643 3669
2910 3669
3647 3669
2761 3391
300 3391
689 3878
3144 3835
3144 4007
811 3144
2615 3144
2095 3144
664 2933
664 1128
3654 4896
1112 3654
2754 3654
3654 4247
2547 2695
2547 2963
1676 2547
568 4226
191 568
182 568
568 4374
568 4188
568 3861
568 3085
401 3529
1408 2863
3257 4508
85 4508
3806 4508
2945 4508
286 1814
1476 3260
1558 3260
3260 3514
1191 3260
1704 3827
1704 2413
2718 4984
1622 2402
1622 4437
2000 4718
1986 3845
3036 4698
1678 3036
3053 4563
3053 3240
272 1742
1742 1930
1742 3427
547 3410
547 3331
547 3230
547 4681
547 2855
1489 3606
823 4883
823 3583
823 4387
823 3377
823 3694
823 3609
823 3848
823 3446
2949 3687
1896 4358
1615 4427
2387 4427
564 4427
3649 4530
3740 4530
2704 4530
766 1842
1672 1842
1653 1842
669 2815
669 4539
1864 4671
4679 4791
1675 4353
4353 4810
3532 4353
2619 4353
4211 4353
424 4078
697 3189
3189 4962
1005 1309
1309 3372
1309 3320
1309 3972
1309 3704
407 2850
1499 4041
2707 4041
1640 3977
1640 4205
3802 4438
2582 3802
732 3816
4388 4538
1664 4020
1664 4466
1664 4472
1664 3503
1664 3705
1243 1664
1635 1664
747 1664
1664 4431
1664 2422
1664 2789
2151 2502
979 2151
1877 2151
567 2151
1651 2151
3944 4051
1373 4051
3106 4051
3953 4051
2795 4051
489 4070
1133 3601
2584 3601
3305 4501
2407 2466
1457 2728
2901 4434
3868 4434
4142 4434
523 4434
1364 3466
2130 4015
1023 2445
1023 3545
353 1023
1023 1687
1023 4425
1219 2201
1219 1533
2169 4258
1251 2169
2233 4136
2233 4018
2233 3691
2233 3495
1492 2233
1236 2233
2233 4476
1798 2233
519 2233
1923 2233
2233 4254
2233 3350
2233 3405
323 3619
4212 4585
3417 4585
926 4585
1774 3721
1527 3384
1874 3384
3958 4308
895 3958
3952 3958
2484 3668
1572 2150
1572 3462
1340 1572
1572 4636
1572 3714
1572 4881
382 1572
1572 1744
1572 2942
1806 3974
2903 4331
1584 4331
3614 4331
3134 4331
2886 3724
2994 3724
3270 4217
1548 4504
518 2208
518 3387
3326 3855
2804 3326
2469 3326
2689 3326
2574 3326
3326 3936
2637 3326
425 3326
3326 3650
2417 3326
3326 3505
973 3326
348 3401
2290 4309
1307 2290
2290 3652
2226 2290
1319 3325
4086 4345
1376 4345
2231 4306
1541 3590
1531 1541
1541 2148
1541 4093
3939 4061
531 3887
3887 4055
764 3843
764 3871
764 2234
3761 3931
2493 3294
2287 2673
240 3943
3943 4999
1619 3879
1619 1960
1634 4149
120 1634
2322 3424
1625 3424
3424 4520
3424 3892
784 2976
2603 4720
1232 3155
4057 4116
403 816
2634 2693
2634 2706
1706 4278
1706 3638
291 3613
565 3147
565 4138
2093 2406
892 2406
233 2406
2246 2406
4410 4968
4130 4968
1567 4968
1397 4401
298 1397
1397 2911
1397 2953
3058 3695
1175 3058
499 1880
499 1351
499 2030
1179 4153
1179 1400
33 3404
1583 3597
1583 1944
101 1111
2269 2813
2656 3653
871 2656
2656 3020
1098 2656
2656 2769
3171 3733
3171 3398
3171 3655
124 1588
437 1248
437 1809
130 437
4423 4517
3782 4256
3136 4256
1383 4256
207 4256
2917 4256
4256 4960
276 4256
3817 4256
1955 4256
2851 4256
2179 4256
686 4256
258 4256
1327 4256
969 4256
3795 4256
1484 4256
3473 4256
1823 4256
1268 3899
1268 3434
2354 3957
595 2354
2354 4127
2248 2354
2088 2354
2354 3137
2354 4940
2079 4485
1095 4485
1974 2811
1115 4111
45 4111
3927 4111
4195 4877
2579 4877
1500 4123
4123 4198
295 4123
463 4123
1306 4123
3810 4123
2482 3885
204 1116
2581 2967
2458 2581
2389 2581
364 2581
370 2581
1250 3562
3008 4610
493 3850
318 3535
2275 3238
636 2275
2275 3900
2275 2742
2157 2275
597 2275
1833 2642
1027 2939
1027 1065
476 1027
1027 2327
84 1027
1027 3099
497 1027
1027 1506
1027 4497
153 1027
1027 3993
395 1609
1160 4702
1160 3381
1160 3556
1215 2299
2112 2700
835 1213
185 3933
1416 2633
1416 2954
1970 2002
1454 3533
1454 4327
4017 4781
4017 4989
506 4017
1334 1480
4058 4900
3271 4652
600 2839
600 1325
1800 2724
23 2724
3242 4272
3242 4155
1130 3986
1786 2315
901 3003
901 4739
901 3204
901 4755
1409 4640
1409 3767
2135 4856
620 4856
1547 4455
214 4455
3537 4901
4297 4367
2153 4367
517 4367
4367 4553
4333 4367
2141 3485
3485 3768
3102 3485
1020 3485
3485 4537
2807 3485
2441 3999
530 2221
530 3482
847 4348
847 1703
847 2040
641 2345
366 1594
366 1889
4467 4469
1751 4303
4303 4804
21 4099
181 2887
181 799
181 2194
4593 4814
3690 4593
3348 4712
1655 3334
394 1943
394 4849
394 2841
394 3948
394 4382
1145 2050
1145 4941
167 1466
1344 3699
733 1206
2926 4479
3140 4479
714 4479
184 4479
4393 4479
717 3235
717 4572
717 4163
3298 4982
1658 4982
718 2743
480 4876
1435 4876
4841 4876
4490 4876
4090 4876
3554 4876
821 4876
2090 4876
470 1602
3734 4983
371 4983
3718 4983
3697 4500
1359 2104
269 1359
250 1359
1359 2865
2518 4822
552 2518
2518 4936
2518 4786
2518 4486
2518 2988
2229 2518
175 3869
1766 3869
537 4117
2253 2816
2253 2486
1028 4650
1030 4650
1604 4889
1561 4889
2230 2594
2594 3258
2594 4581
220 3865
220 3296
220 1718
3031 3158
2410 4904
2258 4904
199 1181
2672 3196
2672 3306
2185 2672
354 2672
676 3722
676 3610
676 3234
92 3636
92 2665
1938 3458
1938 2491
1938 2396
1256 1938
1169 1657
104 971
971 2010
1410 4921
553 1862
1862 4596
1862 2254
1862 1946
1862 3822
10 1862
4273 4874
4273 4678
377 4457
1380 2332
2332 4499
814 4631
4036 4631
12 4631
948 4631
1652 3516
3516 4908
1011 3516
3490 3778
138 3490
3777 4884
3250 4403
3114 4974
3527 4974
1758 4974
2188 3389
212 4587
2925 4587
4102 4817
2814 4987
1827 1873
1873 3501
1873 4268
1873 3470
285 1873
158 1873
1873 4750
1873 4797
2092 2448
219 2755
108 347
347 3909
347 4189
347 2535
347 4447
2565 4477
4160 4825
987 4825
3295 4825
849 4825
960 2681
34 113
113 4021
2757 3393
2770 3393
3393 3657
3541 4063
3109 4083
2463 3109
1988 3109
1361 4888
2506 4888
1230 3256
376 1296
1573 2400
1573 4782
1573 4390
1221 4276
2124 4276
4276 4826
311 4700
1407 4754
815 3212
432 815
132 724
510 4312
1227 1521
454 4510
2129 4510
923 1590
923 1271
923 2307
186 923
923 3009
414 2091
1860 2877
2678 4468
2678 2931
571 2678
2678 3635
2776 3224
2776 4335
1485 4411
2985 3002
587 2985
2368 2985
1237 4267
2669 4037
1767 4037
172 968
172 4582
172 2716
2897 3041
1636 1726
924 1726
1726 2528
1726 3664
1286 2080
1286 3907
1286 2573
505 4478
2982 4478
1066 4478
958 4478
36 4478
2549 4478
3382 4478
698 3248
3420 3567
1705 3420
1173 3420
896 1153
259 4229
3715 4229
599 4229
2517 3872
1990 3872
1140 3872
2545 3872
316 3872
386 3872
3077 3872
3872 4608
2031 2602
2602 2880
91 2602
2131 2602
2380 2551
2380 2771
2380 4056
2337 4542
4179 4523
1264 4179
1205 4179
1870 4179
2613 4179
2659 4179
963 4179
261 4179
3497 4179
3875 4805
1606 3875
3875 4925
1793 4740
2211 4740
3004 3920
262 3004
2480 4844
2480 4088
2480 2513
604 2480
2480 4958
759 2267
391 2267
502 3600
1537 3621
3309 3621
1182 3621
18 832
3842 4977
1855 3820
3169 3177
1094 2772
1935 2684
1257 3088
331 2774
2394 2774
2774 2940
1129 2774
2774 3249
894 4301
894 1209
894 2558
894 4186
218 779
1029 1429
1429 4463
1429 3731
687 1732
687 4039
256 687
2215 4462
3536 4462
496 4462
3160 4462
44 4462
106 4926
507 4926
2713 4926
2397 4607
2397 3078
168 2397
2397 3919
1424 1713
1214 1424
1424 1819
439 4981
4281 4981
549 4981
3435 4981
2028 4981
2935 4981
4028 4981
2266 2778
2304 4507
4507 4978
870 2437
3987 4668
94 3987
3987 4404
114 4715
772 4707
772 4816
772 2606
997 3162
375 3162
1524 3162
50 3708
1382 3708
1166 2503
2503 3808
2503 4079
2503 2768
2479 2503
609 2503
2503 4708
1299 2034
2643 3112
3112 3571
3112 3572
2021 3112
1989 4623
2938 4480
3129 4480
3576 4325
3576 4666
2797 3576
1024 3576
1812 3576
1087 2927
626 650
2059 3713
446 3713
3713 3874
3634 3679
3673 3679
1807 4460
529 1807
1345 4532
3682 4444
4444 4696
2190 4794
2190 4405
208 2190
2190 3940
1312 2190
945 946
946 3930
946 2467
946 2451
946 4100
946 4653
946 2398
946 3815
3555 4878
4558 4772
2846 3891
3454 4887
3288 4887
675 4288
1587 4288
1771 4288
1730 4288
2405 3113
2120 3113
3113 3741
936 4548
673 936
936 4743
3336 4633
3336 4218
412 3336
3385 3788
2930 3788
1317 3307
1317 3178
1317 3966
566 1317
1317 2856
2310 2936
3996 4975
225 338
338 642
129 2174
800 2174
722 1669
722 4006
4521 4665
1612 4798
861 4767
861 1058
861 4235
3308 4225
1769 2906
1769 2873
342 1769
1769 4775
1769 3912
1769 3648
509 1838
1832 2055
2055 2076
2055 2845
2055 2675
2055 2261
546 4402
546 3108
4424 4646
235 4646
789 2905
2905 3511
3141 4852
2329 2690
4089 4945
678 2436
678 1033
678 2042
678 1494
678 2792
678 1962
117 1677
1677 2525
1677 4724
1846 3525
3091 3525
3525 4541
1614 4049
4049 4758
4008 4049
1154 4351
1154 3110
1154 3876
1154 3840
1154 4897
1154 3052
1154 1207
278 1154
484 1154
1154 2170
2355 3859
2454 3859
1799 4954
1326 4637
1917 3254
1917 2538
1188 1917
1700 1917
2698 3246
773 4649
1053 4649
2798 2867
211 1825
1708 3190
3190 4744
3190 4391
1696 3190
2809 3190
1393 3190
1618 1995
1262 1618
381 1618
140 2472
140 4341
140 1055
140 4177
3284 3846
3846 4996
1991 3839
654 2318
1552 1982
1716 3023
3023 4097
555 3023
3023 3183
315 2836
2061 2900
1683 4352
619 4352
3884 4742
358 2895
358 999
1421 1550
1516 1550
670 2308
1109 4832
1109 3585
3838 4717
1323 3838
3838 4943
2172 3838
967 3838
3228 3838
3157 3838
3717 4725
2133 4725
959 1068
2132 4448
1288 3182
3098 3214
2340 2446
937 2340
359 2340
1566 3626
2650 4919
1851 4930
974 3981
1427 1577
2214 2429
1061 4612
2262 4612
388 4612
934 4735
4514 4735
2661 3727
3995 4002
1743 3995
1815 4082
488 1815
1815 3145
245 1815
1203 2946
1203 2648
1203 2563
448 1203
1963 2377
2840 4263
343 2840
708 4905
2163 3862
2597 4635
2597 4868
2597 3763
1663 2597
2597 3594
2597 4836
3573 4914
3428 4838
457 3428
2101 2960
2960 4115
520 2960
1234 2960
593 2960
183 4461
183 3374
183 4732
1899 4661
1332 2853
1872 4316
422 1872
869 1872
2184 3928
2184 3622
1078 3847
522 3847
3847 4783
58 2363
58 1661
58 3973
58 1699
58 2016
3287 3780
2571 4990
919 2571
1668 2490
1668 2610
695 1668
1753 3233
426 1753
1106 1501
1501 4872
719 2339
150 279
1831 3701
22 3205
3707 4482
2561 3630
14 3630
1784 4139
554 4988
1310 3123
615 3123
3123 4912
2858 3123
3754 4045
3754 4690
786 3414
1750 3414
1981 2182
1981 4891
230 1981
1014 3547
2591 3901
1916 3829
1916 4861
2623 4944
4752 4944
2777 4944
4711 4944
1804 4944
1709 4944
360 3962
360 2224
360 2738
360 2621
360 3265
1443 4626
1929 4626
2820 4365
1671 4181
1314 1671
3968 4274
2283 4132
2283 4915
1763 2283
1977 4232
260 4255
4047 4255
4255 4819
1253 4310
1170 1253
429 1253
383 1253
601 1253
69 1253
221 2192
991 3946
991 3208
666 991
991 1475
715 2107
845 2107
1666 3292
1924 3292
2309 3292
2483 3292
3921 4973
797 4973
856 3165
856 1942
856 2296
2537 4527
1019 2537
2537 3070
2537 4420
2440 2537
1707 2537
2495 2537
2276 2537
2537 3819
545 2474
2791 3156
2097 3211
2097 3463
1183 4621
1563 4957
1563 4833
1563 4121
1563 2176
1563 4096
1277 1574
1277 2334
2110 4307
333 2110
898 983
898 1715
2923 3203
2923 4484
2302 3867
3429 3867
1275 4236
2350 4236
4236 4315
2301 2752
2301 4493
385 2301
2301 3263
2301 4199
2301 2433
1529 2301
2301 4622
1220 2301
2295 2301
237 646
822 2948
1022 4644
1102 4239
71 4505
1404 4505
4505 4971
563 4505
706 4505
3762 4505
74 2667
3243 4094
479 4094
1132 4094
1802 4094
374 4241
5000
1
3768
3162
2116
1759
1071
3339
2824
4572
3372
286
1354
4808
1383
4981
383
2640
3182
14
605
1809
3569
2755
2362
51
4408
1293
4929
404
1186
1103
4172
4348
3219
930
418
1557
3754
4990
4928
4039
1344
4736
422
1324
118
3061
4505
132
3666
1314
3700
2433
4068
1062
2484
3476
2354
2412
3879
3540
3515
3050
2887
1733
3979
3304
3290
2733
3294
3217
1771
4637
2953
2192
960
3071
252
465
3203
3918
1778
1902
1351
846
2964
3834
4321
317
1245
3200
3857
4760
1249
1743
1493
228
47
4782
2960
3340
2999
4731
2977
952
1922
3937
4022
2174
4401
2224
1091
1179
4126
2441
2025
2089
1274
1345
2406
2519
4544
1262
2279
793
3005
3771
1020
3051
3553
3980
1391
1551
3710
4368
2502
632
1524
2805
2705
3747
3896
3884
2873
1337
908
4962
2611
2252
2368
130
1796
3630
2408
2589
1634
3609
4685
2588
1075
1281
1298
442
3783
1929
3746
306
4734
1451
4053
3629
334
1925
4966
1241
1887
2576
3493
4254
2706
288
2883
114
2877
4517
1292
1485
4201
1022
4072
275
2303
370
717
1085
2298
4463
2031
913
443
660
1246
625
2486
3201
979
3507
907
1267
1390
4143
906
2311
627
107
3333
4699
381
635
68
1098
1720
2366
561
3111
4396
1473
56
2719
920
681
204
174
3882
1183
3681
4788
2449
70
807
1591
976
3117
2218
1082
1450
1916
1463
2085
1984
2561
3805
4349
3121
1915
3744
4593
467
3800
1387
4480
2515
1560
3361
3697
240
3148
1145
310
3955
2736
1286
2071
4953
2367
3521
1868
3830
3852
4409
4510
1944
4103
1790
743
1414
3177
222
3929
4737
3583
2625
4977
1730
3770
287
684
1505
1572
1458
3939
1276
3326
2768
1880
2177
4158
1289
376
3668
2612
2320
2770
4402
3062
4183
2579
3284
2315
1866
736
2291
3596
4506
2577
4280
1011
4149
2035
2468
3087
3310
854
190
2969
11
1478
3345
3678
4090
664
1448
3491
3726
631
1069
2009
3742
3384
3875
4478
675
2471
3983
3252
1751
4994
2400
3786
2461
486
2095
3253
1340
2285
1222
3763
4566
29
2852
230
1477
1343
2107
964
849
795
4839
326
1469
2309
4309
4721
4060
4302
2120
2845
1762
2606
4940
15
3946
1237
296
986
802
325
3838
1032
1801
180
4986
3908
2591
949
4756
3386
787
81
4855
3096
4389
4575
2155
3690
1694
4999
452
4300
4938
3245
2162
1703
2505
3865
1985
3536
665
2165
3522
4471
4328
3141
258
2995
3353
3797
2569
508
2487
4263
507
2939
3562
445
3405
1806
346
753
4210
2738
1147
4875
4902
4668
4447
4657
4138
3774
2797
4395
792
2747
1978
3255
4465
2623
3761
2403
1185
4205
2991
1811
3336
2564
3524
2546
301
4670
2420
202
4337
1867
4859
3474
640
2656
2869
3821
3447
615
799
1808
3870
263
4430
2630
2665
614
1835
3472
3604
3645
4385
1940
1208
2909
4486
1509
2578
1906
1710
3772
1569
389
4411
4224
3257
3232
2671
3871
4030
2741
4293
1958
4522
2204
429
3126
4814
66
2056
2722
4551
3564
299
1456
274
2213
227
1843
2602
4638
1067
858
3737
4729
1898
3215
2469
1190
2122
2838
3147
1644
42
3576
4769
890
3389
4834
2946
1110
4384
1409
839
1783
3622
1066
3625
1223
703
4691
2080
3571
3428
469
1642
4277
1659
3764
2114
4806
408
2156
3381
176
3045
1770
10
990
2880
4394
2499
4288
233
4282
2907
4132
2001
2598
1212
572
1025
3020
1040
2667
2296
2699
1431
2504
1838
1565
885
2014
4609
2655
2024
599
534
1417
3098
4822
1650
2379
2731
2948
1862
4948
3073
519
3907
1092
1559
1574
3388
4258
2796
4843
4360
2647
1856
3969
3880
4568
835
297
656
1946
44
4894
329
248
4841
3211
3321
360
2118
4413
1919
3692
2800
1176
1696
596
2938
1538
4956
584
3394
3925
884
2273
3492
1719
1156
2374
4515
1199
760
1527
1008
4249
4738
4329
1855
3741
1528
546
1541
2704
2241
2136
641
3779
2092
1224
2172
1016
2108
4444
4507
3826
2013
662
1200
1861
1960
936
2967
184
3125
4793
4980
1036
1320
526
4023
2766
4713
4663
1545
1804
886
3716
2819
2994
3160
2325
1819
173
2987
3018
1700
4848
4978
2635
3235
2944
1360
239
1339
1275
3931
1864
2954
4630
2616
1175
367
3502
4890
3186
1495
511
3314
3222
3497
1332
4922
1309
2557
1580
4253
4491
4278
766
1917
1142
4617
4870
772
3181
3547
988
1732
2483
4885
2242
796
3106
739
2127
3028
4084
3435
663
2688
959
3601
2179
3945
2878
862
4019
732
4791
741
1736
4204
1686
3455
3262
2482
1561
4001
4588
3084
3044
172
731
1130
2346
75
224
852
937
4243
3413
1668
4033
4154
4884
768
3442
4088
4338
4461
774
2793
4353
1722
2863
3940
4805
4112
3551
1636
242
896
316
1120
396
1252
362
3809
2919
2963
2803
163
1404
1891
4501
865
2664
2293
3586
918
1645
308
3781
585
113
4687
4696
3663
1323
4937
4559
866
253
679
1041
71
4424
435
3033
2226
598
4437
4116
98
1780
2390
3887
2698
4034
4194
4619
4307
1165
4314
2970
4251
2529
4503
3207
4614
1007
4247
430
4682
2717
279
2153
1772
377
2453
1248
1800
533
2725
1418
4840
3890
2810
1376
4983
338
4728
4485
3545
4342
492
2792
4026
922
2474
1742
3577
2753
3895
349
3129
1348
3899
894
2687
146
2694
3220
2871
3059
1760
4844
869
3135
4826
1206
2862
4311
4751
4803
2542
1229
724
2971
4301
2767
1865
4649
3213
1789
899
3693
4483
4119
1563
3594
2178
3322
3438
3046
1457
3263
4319
2573
1522
2375
1543
2750
3099
1558
720
2399
4325
2585
2048
220
798
594
1697
4286
1491
815
85
2992
4171
1037
1784
4945
4357
4289
1467
831
4217
4830
2389
2229
1713
2521
4276
1932
3319
4155
829
4
515
4174
4036
4857
4800
820
145
4745
4433
1211
1907
264
428
1737
2653
364
3965
4365
2885
3240
1296
1203
3109
235
1217
2264
2046
2267
1440
215
723
1240
1034
868
984
1209
2195
3116
565
2622
4852
2986
3816
2581
870
2055
3877
2072
164
3289
2428
4776
335
4694
955
1201
1134
1169
1923
2373
2202
2791
3357
3411
3091
552
1526
3655
3174
1377
1872
1159
192
4452
2029
2247
3329
4100
2411
2440
4838
2216
2723
4531
3170
3923
4339
3037
3636
1394
4951
1726
119
2853
1278
1704
3306
291
32
2702
2472
4794
2539
2516
2070
2857
1438
2734
2283
771
3736
919
2164
3686
2645
4109
162
3025
4228
3015
277
506
1059
1981
3811
1350
1216
4051
4484
1010
1590
4170
3525
3659
2026
4963
1392
4220
2246
2956
3164
1641
808
3434
1803
3833
2662
4817
4110
3167
876
1090
3102
3193
4203
2865
1755
2727
3780
2690
2915
3000
4935
76
2596
3906
2834
4398
2739
496
4215
1848
3662
91
639
2316
3832
3592
3624
3034
378
761
2980
3450
2157
3385
969
3112
1483
707
3204
105
3127
3699
4320
4975
2360
4410
2912
2998
1725
3951
1830
2575
4863
1773
624
4752
2111
4074
645
4268
2458
1614
3941
3086
4330
187
3190
2457
3885
2509
2431
1244
343
4242
3643
4294
3959
1869
934
4821
483
1931
1128
3089
2742
2030
4725
1662
1359
4911
3815
3795
38
4279
1588
2921
881
350
2749
1284
2570
2841
3094
3471
4221
699
1962
4275
3588
4947
1597
788
391
6
2426
1593
4708
347
58
2227
1341
4837
4181
2931
2292
2652
2151
2990
4113
2265
2798
3202
2744
2395
3990
2786
2137
1510
3214
4563
2922
4910
575
2979
797
1973
3500
4903
880
1151
2054
361
1166
1135
3159
1964
4336
903
4359
3325
2407
2144
462
3916
358
24
2018
3279
4933
2593
1257
2069
576
4041
1977
4075
3944
226
997
586
2861
3745
2196
4647
3484
521
2053
983
1006
939
578
3008
3967
1095
944
169
991
395
1987
981
3274
582
4371
1757
1424
2384
2392
3368
954
3149
2037
4921
864
4412
2062
189
786
1210
3575
510
4156
4881
1304
2343
3695
1992
433
4071
4622
4462
25
1498
809
657
472
2718
2015
3928
4234
2525
3390
2405
4651
3648
3708
3275
267
1423
1474
4888
2658
2382
1443
2251
1093
3620
2322
1338
3382
265
3676
1005
4265
3327
4652
2973
1601
642
2064
1849
3346
4789
4081
3292
2040
1912
4762
2495
3249
3144
1831
3514
759
3691
2189
1764
516
1416
929
2117
2057
3984
4121
3152
738
2068
150
2397
4230
689
4403
2600
1230
3728
4362
1988
2419
3751
374
2066
166
1302
4182
2223
2605
3165
757
3903
3410
2254
4052
3539
3281
2684
4094
4950
4581
4942
3309
4304
3166
728
1101
2920
2082
2101
4305
8
266
647
764
4168
4057
3017
1556
1501
1357
3419
4184
451
3765
393
4546
2074
2711
2801
550
4628
3902
3469
1709
1305
570
1014
1313
1660
2076
3
93
579
1648
4722
1936
2387
2780
2475
690
1447
1494
2752
2063
3039
4064
2898
1140
2900
415
1232
1122
994
844
2930
2945
4750
1378
2421
3095
46
4710
3595
1157
88
2388
426
2972
48
125
4111
539
342
4069
1533
3221
4913
4662
4778
2544
2083
1900
1945
3956
2307
2124
4020
4274
120
1991
4322
244
2269
783
4664
1251
1777
1555
4427
271
1197
4905
4523
1303
4580
3421
2893
363
2678
4526
480
4454
355
1393
1009
4387
3997
1628
3303
1213
3208
735
4133
236
4287
1781
3867
201
54
4229
64
4284
4589
4764
4944
3669
542
2666
2170
1105
3878
4993
4313
4612
4549
3587
1086
3850
3248
2716
567
3302
2348
210
3504
3831
4046
379
1497
1215
1484
333
345
3919
3398
4285
4678
1113
3057
564
702
2911
1415
4693
4695
460
72
1191
1675
1564
2882
2352
1550
2696
2132
4127
4495
3804
608
1269
3665
257
3316
1672
2380
3011
2131
2451
4006
765
1358
4900
4054
3412
2032
3180
3449
4717
3766
1468
1112
3921
1369
437
2236
3040
2816
246
171
3975
4272
212
661
630
2526
4683
2592
3844
4845
2358
3611
4536
2225
2286
4130
538
3627
804
3074
3285
3936
705
811
4496
387
1748
2088
591
3128
3093
1109
1425
2491
3029
4261
2334
4218
3909
619
3154
1429
2649
3767
2864
1715
1747
4198
2856
4468
110
1982
744
3626
4569
2338
3787
2957
1840
4386
1841
2562
89
1328
2188
1430
3042
3935
4473
2240
923
2663
2643
4548
2149
2646
4117
4984
2903
2940
4534
4431
1374
4887
3755
1214
943
2892
4256
4877
2365
1667
2700
3566
1775
2511
3854
891
2978
3794
672
205
3066
1579
3989
1821
3041
203
2764
932
4458
3296
953
4601
3653
2872
1827
4015
4080
2934
4492
3549
1920
2651
1957
1640
1807
4998
1842
4570
1300
2210
4225
1516
904
4388
653
4919
3468
1444
1402
947
3173
1121
3949
1499
4373
1012
3453
2854
311
4381
2520
3606
1405
3424
3083
2228
1892
2336
3671
3293
1081
4618
1466
3187
2058
2559
992
691
2043
2130
1983
3599
4560
4291
2022
1518
3913
4979
2206
543
1858
1225
2779
4417
2217
4989
554
3264
1971
4152
1174
87
2968
1504
2773
962
671
2820
1896
1094
4634
4605
1573
1592
3756
4930
4862
16
307
1372
3269
2481
4688
1088
4377
782
3324
3489
344
3546
1549
2518
3179
600
826
4391
3961
1794
2244
1656
2876
3905
1963
3773
2846
4481
1254
2533
569
3315
3892
3658
2437
668
1268
2002
3414
1472
4400
432
1194
49
2850
2924
3226
4812
3585
2243
468
3090
3377
4587
813
254
2923
1427
4925
2993
4324
517
2745
3366
617
971
3178
2257
1600
3810
2067
122
2187
1654
4426
4716
4266
1421
4556
2590
3560
1099
2492
4460
4644
1513
1711
1019
977
57
2888
4779
4613
2493
2534
2714
928
3633
2949
440
3185
2478
4606
4573
1119
2422
4257
3440
4192
3970
4926
2639
587
2159
767
1027
989
629
4196
595
4853
2060
4134
628
4044
1070
2607
3014
4178
2532
4351
4820
170
1616
4860
4118
2771
4746
3365
78
2007
4211
2808
414
3131
1850
3115
4097
803
2381
1734
3155
1788
1681
3688
1076
1322
1077
2859
1195
712
2488
4591
603
1336
126
3717
1871
337
4176
652
655
3277
4185
1136
2926
2858
4180
948
4959
4714
421
3733
1049
4494
4765
1163
2287
1632
2941
4909
4672
1044
1525
2597
4382
4847
3904
3863
1373
2595
734
4076
3822
1108
4264
4049
3721
2748
3999
1318
1164
3119
3930
1152
4878
3574
3612
4582
2415
2925
914
3458
4775
152
2197
3934
3349
1459
2681
2580
2757
2263
4995
2952
2870
2689
3079
3238
1860
497
2866
2323
1042
4259
1462
4042
3358
3168
4363
2601
339
3406
3313
3139
4448
4446
2398
3056
4949
3985
1575
366
581
4740
2932
2341
3145
3644
3331
3483
2049
1643
1622
1089
1997
745
4555
4743
3153
108
3734
165
3457
836
3981
3026
2464
770
4086
1571
3105
478
800
3404
1729
213
3615
1589
65
45
842
194
4969
2657
4594
1449
3696
2033
2248
2100
2396
3977
1633
2501
3858
2713
2536
1138
1979
4497
4453
1947
1999
1115
709
1728
2436
3976
4535
137
1167
2638
351
3441
1816
2902
4880
3250
4393
3288
1363
1517
4464
4813
493
3444
2587
837
4533
502
4122
144
382
1362
2208
755
3641
1718
1507
2075
3023
1836
1959
4698
4423
2211
535
1744
3136
3638
1629
1227
4974
270
273
4450
2347
2473
618
987
491
157
2851
3519
1587
4991
4854
2402
123
4795
2737
2743
2268
3355
1976
3254
3505
3352
1356
3735
1386
3256
2253
3246
2418
1325
4720
2372
4586
3463
3647
1967
4846
319
4457
1306
2498
715
4915
1299
996
498
2614
3789
3195
3374
1131
1657
4934
4777
3623
4539
2679
823
2205
4299
4702
2981
13
4616
2154
1311
612
1327
4598
4414
3947
2608
77
1693
2886
4476
3911
817
3558
3364
2371
2961
4244
1347
3191
3267
4799
1030
3367
4941
2894
1056
2305
1436
2304
1878
3348
1104
2914
718
4065
2158
411
348
1893
3517
547
1735
2087
4345
4331
454
3640
341
696
945
2212
2724
3580
634
1045
4677
2974
4561
3291
3520
2875
26
607
2219
1060
1581
4700
1844
2276
644
4056
5000
3024
3570
464
2281
1432
12
4066
3270
1749
2586
3192
3363
4252
4867
4987
4595
2618
4899
779
148
3132
938
3338
3523
3271
112
1243
967
3954
4917
4512
3926
3312
4376
2028
4079
1859
1379
4858
4511
1100
4438
1189
1261
4550
2904
2895
3684
3298
1582
2610
427
4893
1986
2455
3972
3845
3829
851
3344
557
1714
3223
4704
3881
3431
2314
3859
4222
1184
3966
4970
859
2650
3268
260
3694
2333
1149
4982
133
2769
3912
3323
80
637
1820
2290
917
4730
3422
3499
3205
4188
103
973
3100
3459
1422
2701
2059
957
268
4407
4474
781
4835
3334
1741
2456
3429
621
302
1051
3081
4101
4038
752
1426
3646
2203
4369
3843
1814
2467
147
4923
3351
4519
330
2599
1054
4164
2126
423
4673
1688
1652
2480
3465
4946
4868
4255
3218
4565
2619
1371
3007
1731
2785
1721
3408
1554
438
19
4896
4763
4906
2393
4364
1370
3687
1609
1839
2357
1202
4303
3725
1943
2442
3488
1319
1000
683
3535
4370
4077
4479
686
116
4439
875
832
2818
4666
1018
2017
824
314
887
3813
3360
2103
1488
4665
3356
961
3022
4532
3995
3679
1708
4487
2324
293
1043
4091
1329
1106
4062
2806
4045
2337
4723
3402
1758
3188
3568
1884
822
2086
4610
562
1677
721
704
719
3760
1403
3828
1679
4346
4866
2913
2668
2429
4707
2039
833
3196
4226
2235
4540
3053
1028
2641
4744
4596
4727
530
269
3198
3799
3506
3452
3027
1084
3265
251
593
1937
956
4755
2682
3260
4639
1173
4199
2169
2686
950
23
1349
4067
3706
4615
1492
2775
3534
2896
2522
4137
3591
1013
2485
466
2193
4281
3579
4524
3418
2553
1125
1895
838
2277
3720
2809
4206
4741
3876
1875
4190
3730
28
1598
2917
4645
895
4502
1065
3130
3732
1568
1540
1897
3004
1637
4135
897
4260
1626
4772
4435
1647
1974
1738
2633
300
1792
3698
3430
524
2815
1613
1894
692
3531
513
285
406
4227
965
3597
2784
2294
3886
109
1465
1851
2916
1651
4058
1283
3012
654
843
3137
4493
4472
420
4967
3156
4871
4358
3578
4578
1384
2106
3608
855
4085
4298
368
1144
602
4667
3757
1107
4048
1604
1181
3769
1853
409
1879
4767
2985
4537
3866
1389
998
4603
4316
1342
3672
295
3872
3639
4442
4671
4766
4798
4335
3894
3209
3998
4509
1877
966
695
2355
4576
1385
1182
1623
4976
1239
1621
563
1129
3860
3006
4008
2452
3146
3433
3247
3009
3846
2351
2295
2811
2552
4050
1177
1148
36
4153
3824
3613
633
714
3234
4425
2548
4553
980
1594
2097
1250
1805
926
1562
2692
2065
4771
1489
2318
3490
2011
4781
2879
1854
2350
4003
860
2685
942
3103
1724
3456
909
1486
2479
2363
3868
2302
4161
1035
1178
4807
898
2000
879
3563
4191
323
2019
99
217
1585
1666
453
3968
2214
2497
4239
3674
3097
4943
2145
1782
737
2364
2313
3897
3649
3332
1701
2300
522
3915
3727
4083
2965
527
3210
1954
3378
592
3110
1442
1670
195
397
476
372
553
4099
2168
140
2146
1583
3077
4692
1133
3938
4874
2794
1155
3396
2494
3851
4732
4459
2331
1857
806
4000
4530
2708
2778
3231
4102
3891
3278
2929
2
4028
2250
616
4783
4488
1631
1288
1367
1410
1817
3992
3993
1690
2447
2317
3387
4567
2910
1911
1605
951
4418
727
313
2284
1779
2829
1277
197
4078
2644
1395
3227
1476
4508
931
121
915
3058
3464
3661
2301
413
4283
863
2027
4684
1480
2721
4354
3673
1039
4824
1116
450
3163
2751
4467
597
198
3038
3318
830
1461
3451
312
4661
1625
2997
3350
2344
3513
3711
3952
1259
3713
2410
1258
2233
4498
4715
4032
3032
2266
441
1029
4214
4027
4973
756
1523
4650
4147
4825
4200
512
4640
2239
1127
1266
4908
1823
3280
3261
4104
2413
2052
4035
3988
905
1316
4105
4159
1886
982
713
149
4936
1435
1818
31
2889
2443
749
1676
400
4823
2937
1769
4562
1361
471
1905
2444
318
332
2280
2959
1774
4635
2173
1611
1824
3320
1646
2180
4895
136
1998
2329
3409
3047
4865
2349
280
805
4528
2503
4124
4500
1829
481
238
4327
958
4869
3244
4375
3819
2943
4965
1153
179
3425
1433
4341
2584
3080
2207
3753
1695
1355
3299
2918
2508
384
1638
4749
2531
4927
1828
1168
2730
4832
2038
424
1793
1576
3723
1502
3330
3307
3085
2828
79
3400
4674
3762
2547
555
4374
3479
3618
2446
780
1924
177
2874
3602
4470
2191
540
3393
2673
60
4073
2510
1519
2962
1400
3138
1445
2090
4318
4784
2693
4907
3300
3397
762
2161
2821
3605
601
1335
2530
927
2908
1038
4383
281
4604
2424
2139
1228
3740
4490
1055
417
3962
3362
4883
3642
3982
4421
1411
2558
3371
4701
3343
3224
2975
912
4655
2096
3529
610
3675
2215
3376
3702
2528
1282
4623
4811
3709
1980
4179
726
4558
3957
4527
1471
2563
2906
2306
1536
4958
4631
4136
331
3065
4719
4213
4245
3963
3436
999
39
405
3510
2627
816
4162
773
3793
305
3236
2237
2691
742
2133
4705
1567
1247
1437
4295
1534
4269
4574
874
4415
2105
3048
1692
2275
2261
3784
143
1787
3407
2676
3183
1938
490
3537
3189
218
73
4420
458
3533
1063
536
2680
434
2782
1542
3021
3076
3067
1707
3603
2675
974
3228
1073
4197
650
380
3432
4733
3369
583
4455
3104
733
1663
2735
1815
4125
2648
537
1846
485
1218
3383
670
3660
475
4529
2010
3225
3403
1475
196
646
4047
1521
2568
4521
2795
4758
4120
3359
1885
841
4889
4017
3554
2567
3581
4621
431
669
4344
448
185
2849
1381
231
559
2951
882
1691
4347
3584
2093
2928
53
2901
4240
392
3582
3785
2855
4850
2527
1972
544
4611
3043
2697
558
223
4007
211
3498
3942
622
3801
139
181
4219
403
3803
4037
4659
3286
3295
4429
324
4186
2637
2832
199
272
1301
1048
494
3814
4250
3849
4350
1146
1949
2813
1682
3820
1158
933
878
2777
127
2221
4780
1909
2077
1017
2175
4312
1490
3565
3862
1439
1795
2512
3932
682
814
3960
848
4633
1205
67
3650
2345
4658
3538
1050
27
560
4646
769
1078
399
2245
2620
2061
156
2844
4009
3003
2376
2660
2555
4216
4273
3557
401
3964
651
4141
2361
834
1503
4477
4372
4815
4397
1346
2848
3229
3548
676
1192
1087
1399
4571
674
4996
4757
1989
1969
1833
352
968
37
725
1834
69
1446
3415
3950
1685
828
1124
3439
2386
2163
3898
373
2783
1658
1312
1434
2728
4098
1238
298
154
3072
1970
2342
1139
4754
4726
871
758
3667
574
1684
1001
398
3869
250
1883
1873
3933
3628
2545
2135
1003
3123
4059
241
183
1234
4267
4456
1951
2847
3052
946
1352
2817
975
4608
4819
365
1566
4504
1899
473
1260
1079
1233
2462
4262
463
2726
4406
96
1767
3705
872
315
2756
2184
1326
4469
340
34
4445
3917
716
3443
4308
4641
2258
1236
3567
1952
456
4828
4590
2340
7
1388
2152
4879
1285
3035
3233
1955
1265
532
1226
97
4160
3590
2023
2232
3494
4932
3171
2289
2720
1310
219
2182
4167
4040
2181
1863
1479
2113
50
3922
3855
520
2321
2661
4436
2897
1188
3631
4557
2142
1406
2383
4235
21
43
789
1530
4625
2081
90
667
2761
3395
1154
4552
3473
812
1914
2541
2465
2554
1171
294
4202
3251
523
3651
1723
1334
2496
3874
4144
2299
3107
2572
505
4379
1126
2550
1870
3287
4759
4918
3788
4428
2104
638
1464
2230
4031
541
4985
2538
4627
3790
1752
1901
4392
1881
2988
2556
3714
3532
495
3827
2459
3617
3054
455
3987
178
3542
4898
1825
1295
4128
1255
1264
3241
2134
4810
3973
4988
1673
487
92
4827
3426
1918
626
730
4802
1290
1117
2615
4514
1021
4901
2409
1740
3466
4434
3634
1570
4654
470
4768
1058
4592
746
4292
3657
4367
1903
3589
877
4432
3477
4689
2335
1615
3511
4829
1535
2632
2868
1852
1603
3478
1080
3948
4024
208
573
3778
2677
3614
2256
1280
3258
1487
1004
3150
3943
3206
390
3593
1586
18
1287
221
1618
439
1072
4146
1544
892
55
3996
2760
1375
1364
1599
3487
1419
857
2621
1812
416
131
643
3719
82
3512
1207
4169
1994
3703
3718
446
3212
1584
648
2517
3748
1933
3467
4087
4525
1990
4931
1577
4643
3543
40
620
1263
2740
1968
1610
2198
4849
2695
4177
4441
1137
3169
4390
4466
658
590
2404
3482
3380
1664
2369
722
3680
4706
3259
4669
4904
2566
386
2754
4029
3437
207
1441
1961
3175
4774
4142
1380
910
3194
3712
2231
888
30
2787
4742
2047
1876
4876
353
518
548
4241
3070
4061
784
729
4016
3199
1397
4163
4712
1939
1180
1934
499
117
1454
193
2091
444
4753
3158
2514
3656
95
1548
2425
2463
4675
2166
2209
3176
4971
2359
3775
3632
3010
225
2822
4482
2535
1717
2707
3462
2274
4920
3572
410
1727
778
2308
972
4232
678
1291
821
993
1674
4002
2560
1508
2330
4025
970
3573
613
2190
700
2378
206
2774
3991
4443
168
589
698
2006
1546
167
2507
1802
4718
3475
359
4352
1639
3953
2183
791
1220
289
2220
1930
1064
4166
3016
2802
3485
3561
2933
1097
747
3317
129
2825
763
3063
2966
3731
3836
261
1552
388
4475
1926
1160
1683
1187
3113
1382
4013
3055
2186
3802
1753
2683
1141
708
889
2823
2899
4873
1889
2044
2765
3508
2836
4836
1750
1927
1231
3682
825
1941
2102
3598
3401
1401
292
356
1413
2758
2051
2788
2199
1198
1333
1766
63
1470
1845
1150
4545
4711
1308
243
4891
1111
17
1057
2454
528
1052
2414
2138
1953
2121
501
1330
115
1046
2631
2222
2401
2835
4520
790
2020
138
3454
1553
151
1365
3920
1617
1242
327
1024
3704
4014
4096
4115
2327
4632
2319
3841
52
59
237
4021
4697
2271
2613
3036
509
2712
1995
2450
556
2843
3986
3600
4139
3101
1398
1882
4343
4237
321
4786
4129
4315
3501
750
3758
3556
3197
1253
4082
4089
2583
4584
3974
209
4209
3864
2715
229
4187
4739
3552
685
4499
1908
1511
4195
3722
1950
61
2427
4872
1307
2270
4323
1170
1270
4131
2150
1608
304
3861
588
3808
2016
20
3924
3842
4602
2935
4912
3423
3776
4656
3049
4306
2310
2084
1366
1368
2826
794
135
1412
2490
4957
4770
357
2129
1143
3782
2417
3341
2763
2812
4043
322
3873
200
1596
1948
3825
3335
5
3518
4150
3792
3750
2036
921
531
1620
489
924
3092
3427
134
1118
4564
3840
1193
3685
4585
2260
3392
259
4165
4334
3777
4513
2460
3817
3610
3683
4223
2814
3283
2506
1799
4326
545
182
1123
2332
4747
3791
1665
412
1921
1068
4296
4554
419
9
1768
827
3621
1074
4680
4193
3541
3807
22
2670
3798
2942
3328
4597
2034
1612
3445
1196
3509
4955
911
551
1083
3689
4231
935
3652
3108
2370
2609
2140
247
3019
4968
128
1520
153
4748
3399
4107
4954
106
1745
4547
2119
4366
2804
2626
3856
2176
1532
2884
4620
3527
4790
3461
1331
1942
2353
1272
1763
2839
2513
2012
4583
2004
375
2432
2950
2125
2255
101
2807
3516
1172
4796
3417
3068
4724
175
4541
2551
2339
1061
4055
901
3161
449
447
2549
1162
4679
3835
354
2984
2642
1966
1698
4236
1653
3143
2278
776
4173
2789
3796
4449
3528
694
1797
1452
985
1739
2565
1235
1096
4207
328
4735
2955
504
3031
4897
3064
3311
3460
4761
3654
86
568
701
4093
2891
3282
2430
4063
1837
1506
35
1408
4489
2604
1786
2377
3607
459
2141
810
1756
2672
4833
394
4106
2109
4361
3738
1671
4636
4070
1956
3839
4577
2312
3308
580
3550
4797
4422
1822
4297
479
1627
2837
4892
785
1975
2434
2448
2710
2297
2050
2603
4653
1712
925
4010
2989
1606
4123
474
4809
1161
4856
283
1716
158
2391
2201
2073
4538
4151
3544
4804
4378
1702
916
3749
2982
873
3715
2958
1512
4660
3837
477
3889
2160
3184
3069
84
688
4624
4676
503
111
1273
1547
1420
940
4997
2983
4238
2890
4960
3001
4012
4095
3724
2636
4924
4686
777
2115
2416
3530
1874
941
1317
3122
1689
845
385
3739
4271
2524
4011
425
3337
978
3416
4355
2790
2669
1460
2045
3301
282
3496
3354
1619
666
2147
4290
3481
2759
2078
2094
3013
3030
4356
2079
3812
62
2003
3088
1649
697
4404
2328
1315
2185
711
1221
3729
3503
2827
4114
1023
3555
1785
284
3078
4005
1396
1965
4886
3701
4785
2042
141
2996
883
1791
4332
256
867
3134
303
1935
4914
488
577
1630
1680
3707
4831
677
436
1810
234
2476
2571
3495
1993
2326
3342
4916
4140
2617
3664
1407
407
1678
4792
2867
2523
4248
320
2936
3823
1015
2594
4607
1928
3114
186
4787
840
262
1132
2259
4773
775
2112
484
4992
2439
4416
2634
3853
1913
2005
1002
4961
2842
3743
3140
1033
2470
1031
4092
3847
2194
3806
461
609
1204
4972
4175
2762
1256
4018
1746
1687
525
3124
3075
4380
1761
1053
3237
4851
3901
3883
2098
1635
1699
4270
4629
4189
3391
1904
402
3910
2976
2582
2148
124
1607
3272
2272
2831
4340
4801
2262
2282
4642
3172
3242
4690
1910
2099
276
4703
2840
3759
4157
2435
4579
255
3470
3266
2171
2709
3670
2540
3273
245
819
604
2385
1531
893
2445
748
1888
1453
278
3082
1353
4399
290
4542
3619
3276
3373
2249
1481
2703
2537
94
2746
4145
2021
850
754
3486
1496
710
3978
3752
2041
4317
2860
2143
1765
636
3526
1500
861
3420
3133
2500
4709
2729
995
232
3958
2947
1578
41
2674
1047
3448
3888
159
336
4882
2628
2772
1996
706
1271
1514
680
3893
3914
214
2110
2905
751
2288
3848
74
1294
549
2624
1114
3239
1706
4599
902
2123
142
4440
4864
3635
2654
2659
482
1321
1624
2394
2799
2423
1537
369
457
1669
4600
3446
3120
83
2167
2927
2466
3243
3559
1219
623
191
853
1455
818
687
2356
2781
1813
4818
1832
3216
3818
155
4518
1705
514
160
100
3971
188
2732
3480
649
1661
2438
3677
3151
4451
1539
1826
4816
33
1847
4842
2477
3616
566
900
801
611
1754
1602
161
4939
2200
1529
3375
3927
1890
2776
1482
2008
1102
4952
4648
3118
4681
2881
3994
500
1026
104
606
529
2833
309
1776
1515
2830
3305
693
4246
4333
216
2489
4108
3637
2574
4310
1297
1595
3142
4405
4208
4212
102
4861
571
1279
2234
4004
4964
3157
673
847
3230
3060
4516
740
249
2543
4626
2128
3370
1798
3347
4419
4233
4148
3900
2629
2238
963
3297
1655
371
659
3002
4543
3379
1428
856
