100
100
34 -36
68 -88
-95 18
-41 -82
50 -60
-71 82
57 18
26 -44
-44 40
7 -34
70 52
-1 -74
17 -78
-12 96
-99 -70
-85 -26
98 -68
99 54
43 78
56 -96
83 -90
78 84
-24 -16
-79 98
38 52
-93 22
57 74
76 -88
-5 86
44 96
-6 -12
-70 60
51 62
-92 80
24 16
79 62
-17 94
-2 4
-35 90
-15 -14
94 -28
17 42
56 -88
97 58
-23 -94
57 -6
86 -44
-16 0
-95 34
55 -10
39 -18
40 96
79 22
54 -36
25 74
-21 14
85 82
15 30
10 -68
21 2
82 -4
-51 90
-43 42
11 -26
9 -94
93 50
-87 -86
7 70
-86 -60
1 50
-86 -76
78 -52
41 98
-34 -76
29 26
-40 -16
-34 36
-72 -56
-56 -16
-63 90
-3 -14
69 42
-51 90
76 -24
-97 -82
30 -28
-77 30
-64 -32
69 2
-7 50
-71 90
17 34
-71 18
30 -44
-67 -86
44 24
-91 50
-41 94
-29 -26
-16 72
100
-85 72
37 -88
55 -40
91 56
1 -72
24 8
-62 -16
78 40
74 48
-5 80
85 96
-2 -24
43 40
65 24
62 16
-47 24
58 80
5 -24
-28 0
43 40
3 -48
93 -88
-64 72
-13 40
39 48
-82 80
-68 -88
-30 32
-58 88
56 0
-98 -56
-13 96
96 -24
-92 -96
9 24
98 0
89 88
-66 -8
4 48
-58 88
73 -48
34 16
-67 8
51 24
-93 32
89 88
-71 -96
8 96
-67 64
55 -96
63 56
23 -32
89 -24
36 96
92 -72
57 -72
43 -16
-55 96
51 24
38 8
98 -56
-27 96
-40 -32
6 72
-29 -96
-88 -48
54 32
-77 56
-59 48
83 -40
13 72
59 -48
-62 96
-69 40
64 -16
-86 -24
48 -40
66 64
59 8
-50 -40
-9 -80
-30 88
3 -48
-38 -8
-99 -40
76 -40
44 -32
66 8
-7 0
-26 24
-56 0
-27 -72
-61 -32
-57 72
6 16
-54 -88
44 80
50 40
77 -56
-14 -56
100
-21 75
67 -45
68 21
-27 57
-82 33
74 2
42 44
-73 91
15 -49
-84 20
2 -15
10 -42
-90 -36
4 17
78 2
-49 -54
67 -33
35 -78
-19 -38
66 -7
-15 20
-24 -63
-46 11
-42 -22
2 6
-31 54
-57 28
-81 -44
-76 -50
-51 -70
-22 -81
59 -26
58 10
-34 -77
-33 -16
-61 35
69 -76
28 94
99 -44
-89 32
35 -80
58 -24
65 83
-15 46
-77 85
-47 92
89 86
-3 0
77 10
-38 50
-30 -24
92 77
-78 77
-19 -9
-65 -69
-78 -89
66 30
-48 1
-85 43
-47 -80
35 -12
-21 92
20 -84
90 24
4 -61
-43 -59
33 -63
10 -91
-52 82
-90 -17
-81 4
4 59
3 43
45 81
-63 -83
-58 -42
44 -58
-82 -43
-21 33
-59 37
71 -66
-89 -32
-93 -14
-48 2
4 3
19 67
-87 57
50 -86
-97 27
-38 -85
81 29
52 31
-16 94
-12 -47
-20 80
32 21
63 97
10 46
42 -46
-44 -72
100
42 82
-19 -8
31 -97
-22 18
-46 -66
2 22
-39 -96
-58 61
-65 -12
39 -87
-78 -50
-80 97
71 32
-7 -9
40 -58
-89 -13
39 -93
-8 -78
-5 43
-5 17
-97 -82
54 50
-75 28
58 -79
35 13
-24 3
48 -13
-68 -32
-60 -77
18 -40
-2 -6
-57 -90
-1 59
17 -23
69 -55
70 -10
-84 -19
98 -14
-23 -51
-71 19
89 15
14 40
-73 84
-54 -91
88 55
78 40
3 -77
-30 68
38 -99
-70 -96
58 7
77 70
-70 -18
96 16
-71 99
-1 -32
31 27
-22 -71
-47 -12
-42 83
15 -93
37 -72
5 57
-84 57
2 31
8 63
44 18
39 -45
-90 -81
-85 44
-30 5
-29 43
-82 -82
97 -14
-3 34
-80 25
51 94
62 32
-65 19
-42 -63
65 91
-67 34
-10 -40
-66 -91
47 -69
-79 89
70 82
-3 -11
-62 -1
4 -52
9 -53
-64 29
-47 -19
23 81
98 -81
-74 31
-73 -37
-14 7
-66 4
92 -40
100
-25 36
-66 0
16 72
-16 -72
16 72
16 72
66 0
-16 -72
50 -72
16 72
-41 -36
25 -36
-50 72
-91 36
25 -36
-41 -36
25 -36
41 36
16 72
82 72
-25 36
-16 -72
-66 0
-25 36
-50 72
50 -72
-16 -72
-66 0
16 72
-50 72
-66 0
25 -36
-91 36
16 72
82 72
0 0
-25 36
82 72
-91 36
41 36
-50 72
66 0
66 0
-50 72
91 -36
-91 36
-50 72
82 72
16 72
-82 -72
41 36
-66 0
-16 -72
-50 72
16 72
91 -36
-66 0
25 -36
-66 0
-66 0
-82 -72
-41 -36
50 -72
91 -36
50 -72
66 0
-25 36
-82 -72
-16 -72
66 0
50 -72
-66 0
-25 36
16 72
41 36
-50 72
66 0
16 72
-25 36
-66 0
-82 -72
16 72
91 -36
-41 -36
0 0
-41 -36
41 36
0 0
-50 72
91 -36
-91 36
-16 -72
91 -36
82 72
25 -36
82 72
16 72
25 -36
0 0
-91 36
100
-3 -40
-90 -96
92 -64
91 72
-4 0
49 8
55 -72
-77 24
78 80
43 40
37 -24
-69 56
20 48
49 88
92 -48
-51 -72
6 64
-2 16
88 80
-55 -56
-11 72
-56 32
84 16
7 88
-52 96
-4 -32
-80 48
4 -48
75 72
-50 -80
27 88
-45 -88
-56 -16
-10 0
-9 56
65 -8
-86 -48
1 40
-61 -24
-34 -16
37 -56
-77 40
-55 88
-83 -72
92 32
88 96
84 -48
55 -40
4 32
38 80
93 -40
-39 -56
-49 8
19 8
-51 -8
31 24
-16 -32
97 -56
48 16
-59 -24
-85 24
64 -64
41 -24
-82 96
-50 -64
28 -16
53 8
55 -40
48 32
90 -32
-42 64
17 40
40 -16
90 -64
54 96
-33 24
-8 -16
64 -96
53 56
68 0
34 -48
14 16
-67 -72
58 -96
-15 -72
99 8
24 -96
88 -32
3 -40
-41 -24
27 40
-57 88
-99 40
-49 24
-37 72
-20 -96
-81 40
64 -80
-55 -56
58 80
100
2 -52
-87 53
-9 87
-65 -95
34 -37
82 77
-73 -77
-62 -12
68 98
-94 -12
-3 16
39 -31
56 -22
57 -57
-70 77
-21 96
-40 -1
46 90
61 -24
51 -4
75 -57
54 -48
62 -25
94 29
68 -61
-14 73
-17 -60
-99 -66
-83 6
-70 -65
4 92
29 -95
-26 -62
33 -81
97 -53
43 -43
-64 -34
-12 -46
12 -9
-53 -64
-70 -19
-66 8
-43 -59
46 3
-94 -90
-33 49
9 -48
16 -30
-50 64
64 68
25 1
-20 -90
-96 47
25 -33
69 17
2 21
97 22
16 -97
-42 -12
-2 -44
-1 -50
-64 -96
-94 23
49 14
-29 -26
-15 -65
96 -24
-66 -6
-57 -11
62 39
-42 40
71 -85
-6 -47
-44 -63
-48 92
79 -10
52 -26
-42 79
79 12
-60 73
-99 -49
91 -21
92 -46
-19 -38
99 -13
-54 -12
26 -11
69 -39
22 -48
-76 -45
34 -96
18 -83
-2 22
-91 -73
-56 -32
5 -96
-23 -29
-65 -72
-76 53
0 -16
100
54 -69
-82 7
-20 20
18 27
-24 -6
-14 -61
-10 -35
-46 31
98 -83
10 -25
-70 -5
-40 -80
26 -41
-46 1
-16 46
-58 -77
48 12
86 -71
18 87
64 -94
36 84
-12 42
-46 -89
-64 4
38 67
-10 85
-94 -41
46 29
58 47
54 -39
-48 -12
-52 -8
-30 -75
68 52
88 -28
-44 -46
78 87
28 -28
-84 24
42 3
-4 4
-28 -92
56 64
56 4
54 -9
76 -76
6 99
84 36
-94 49
-64 -86
78 27
16 -16
46 -91
-50 65
88 -58
-44 74
-12 -48
52 -82
-76 -14
-14 -1
84 -84
-56 56
-62 77
8 22
40 80
94 71
22 53
-30 45
26 19
-64 -86
76 44
94 -19
-90 -75
70 5
62 -17
28 -28
-32 62
-40 40
14 1
14 91
-28 -62
6 -81
56 -56
46 59
30 -15
-96 66
96 24
-90 -45
-16 76
96 -6
-78 63
10 65
-82 -83
26 49
-44 -16
94 11
12 18
94 -19
-16 -14
-96 6
100
29 -38
99 -9
77 -24
2 94
78 75
-28 76
-94 -13
-26 -28
-94 67
71 43
61 -85
19 25
41 -7
-75 -58
-76 59
-85 -91
54 19
-35 -18
-77 -93
-72 -38
11 -85
11 -96
10 56
55 -35
48 -89
-47 16
35 -91
60 -41
58 -79
48 89
36 -85
-68 -79
80 -78
40 -75
42 -5
-46 -92
16 98
79 -31
-15 -90
-17 60
46 -44
58 2
-65 0
-57 68
-33 -20
-35 89
31 92
-67 -97
35 78
44 -14
-55 -43
-59 6
-71 -27
-31 16
34 -66
-20 -54
16 -44
33 3
31 -72
30 -67
-58 9
-54 68
24 -47
-10 -1
-75 89
47 98
-33 50
50 42
-40 -28
-71 57
88 -39
72 -75
-49 56
76 -18
26 -32
-16 47
-66 -61
-84 22
61 95
-19 -27
29 -56
73 -41
73 73
-52 -80
-99 19
57 -30
8 60
89 -82
-77 -9
-62 70
49 -60
-27 24
71 -11
49 10
-85 -38
-14 0
-87 22
-97 31
57 -35
2 58
100
-90 95
-22 -55
61 59
82 87
-77 -34
55 2
67 -11
61 70
-22 -43
87 34
90 75
12 96
63 -55
-60 4
85 -10
-42 14
92 42
-84 -34
24 -99
57 61
87 -71
31 54
40 -17
-11 -14
-16 53
7 33
-21 5
45 -72
41 95
-32 11
-28 -33
-54 65
63 83
63 -84
17 7
-45 19
43 -13
-11 -62
-32 -35
-81 26
6 -43
31 -76
-58 14
9 69
72 41
21 -54
-58 -46
-16 -28
-62 -40
-7 28
80 -39
-40 60
-46 -66
-31 32
29 8
91 -25
30 -12
47 -92
72 -57
-24 62
-52 -89
3 -89
-26 31
-47 -87
80 75
5 -23
59 -40
-67 71
-64 -71
42 59
-90 -99
-72 -94
-98 -64
68 30
67 46
97 42
10 -6
48 -52
-46 -3
-88 -44
-89 -99
-73 76
0 16
17 -68
59 95
-94 81
-8 -52
24 -17
-84 54
36 -23
24 -5
5 -67
-44 -51
-83 38
68 -37
96 61
-99 -28
-86 81
-45 -40
30 -88
100
84 -97
-32 -30
-42 60
19 60
20 71
46 76
4 48
35 -3
0 -94
8 -44
-77 78
-24 91
51 -11
-23 35
69 71
-25 72
-68 64
27 -97
81 84
16 -59
20 81
39 -9
82 95
50 -70
-85 14
-32 -78
-16 -51
-85 -73
-49 34
-75 -98
-90 61
72 -41
31 51
67 -4
-71 90
-38 -55
-39 12
-88 58
-95 -30
-42 98
-94 -32
44 -82
51 -96
-51 9
-47 94
55 34
4 -77
-78 -28
-9 88
85 19
9 5
-38 -12
98 -87
-26 12
12 -42
65 25
49 -88
36 -80
73 64
-37 -60
-73 87
35 -74
85 88
-40 64
49 -58
-17 54
11 46
-20 52
14 69
-57 0
25 -62
36 -6
46 -69
47 18
-22 43
95 -18
68 -28
-71 82
-37 -20
-27 -46
73 -84
-34 99
2 -79
30 -14
18 12
-65 -13
44 -23
84 56
27 53
83 19
71 -55
-64 65
-97 -53
6 27
-77 12
-95 -76
-43 58
-60 68
25 28
-20 99
100
71 -45
43 -66
-21 28
-50 43
55 44
37 -38
-70 -14
81 50
-60 97
-68 -12
49 25
22 -44
-82 -10
-95 57
-51 -27
-21 -29
77 97
79 58
42 92
1 11
-26 -69
-63 -21
-26 4
-12 -36
5 47
33 -97
55 71
19 -64
12 11
40 -13
-88 50
-3 48
79 28
84 -9
-53 -2
-4 3
-45 32
10 -29
19 48
-70 8
82 46
-49 -58
-77 44
-71 67
41 -8
12 89
95 40
29 31
8 -27
69 -39
-77 56
-23 8
18 17
75 4
67 -91
-55 -56
52 79
82 79
7 90
-44 -40
-74 -92
-23 -76
-20 -82
25 51
-3 -25
-75 -10
-51 -51
15 -44
84 69
-70 35
-23 46
-2 -26
0 -53
-91 83
15 -79
-65 -38
87 52
70 -56
98 -74
65 82
-18 93
16 89
-40 -81
9 -84
-20 88
-53 -90
57 -18
-16 -60
14 66
-16 -89
7 13
-69 -36
54 32
6 89
36 -31
-43 -64
-95 2
-9 62
43 -24
85 99
100
70 -93
-40 -9
-80 -93
-10 -6
-10 -51
20 -8
-30 97
-50 20
50 75
-50 50
-30 -13
-10 94
-10 69
-90 -34
80 3
30 -27
-60 79
70 -78
-80 -88
-60 89
0 45
-80 -53
0 50
70 32
-90 11
20 -88
-90 56
80 38
-40 56
80 -62
80 -92
30 -57
70 -88
-90 -89
30 88
-70 68
80 73
50 90
70 -98
60 -9
70 -78
50 -90
70 47
-40 -74
-30 37
-40 -49
-20 13
80 -52
-20 -27
90 -56
30 -32
-50 -35
-30 17
40 -16
40 94
-20 -42
-90 91
-80 37
20 97
-10 -46
-90 -59
60 81
-20 93
20 17
-60 -86
-90 11
-40 96
80 98
-80 -88
-40 -29
-40 -84
30 63
40 24
-60 69
20 57
-70 -7
-70 18
30 88
60 51
-70 93
-50 -95
-40 31
-70 53
50 -5
20 -43
-80 62
70 42
60 36
20 -33
70 -33
-40 -4
60 11
-90 41
0 30
-10 -86
-70 -17
-40 -59
-40 -9
-70 -7
-70 -2
100
39 22
79 22
-55 -10
-95 90
-86 52
26 28
85 -90
74 32
-63 -74
-63 -74
-40 -60
-9 -42
99 22
21 78
13 94
13 74
63 54
2 76
-22 64
36 -12
-11 2
92 36
73 -66
-98 -84
-47 14
-52 -36
-51 -58
13 -86
64 72
59 2
-44 -32
-76 -68
-53 -34
-4 -32
89 -18
79 -98
-37 -26
56 -52
-35 -90
12 56
-46 12
19 82
-95 50
-59 78
25 -90
19 -98
-65 10
-24 28
29 42
89 -18
-5 -90
-63 46
-69 -62
-77 54
-14 -12
74 -48
69 82
11 -22
-27 74
41 -42
71 -82
3 -46
33 -86
-97 94
8 -96
-66 -8
55 -30
60 60
30 -60
11 -2
74 -68
-96 -28
14 92
51 -62
19 62
95 -30
-73 -54
-49 78
-10 40
-56 -8
-39 -2
-36 -68
53 94
-22 -76
-72 84
-38 -64
5 70
-17 -46
65 -90
-25 -10
-22 -36
95 50
-59 -62
33 -66
-59 -82
19 -38
15 -90
65 -70
-35 -70
-6 72
100
33 -24
45 -50
-6 64
10 17
79 -45
-36 26
57 -76
46 48
52 -23
-53 -60
-1 -8
28 -10
15 77
-4 16
25 -18
-68 -51
3 -21
9 -27
53 -25
24 -13
5 -36
-55 -60
42 69
-70 84
-58 9
99 53
-64 -97
21 53
74 -16
98 5
17 24
-90 23
9 -85
-1 -44
79 -56
57 86
-74 -99
-97 12
7 32
95 -95
16 -93
88 64
-35 89
64 78
-70 5
48 -11
8 -28
-47 81
37 91
41 9
-99 87
-37 -47
-93 55
-41 27
-57 -55
77 -44
-10 14
-95 -95
16 -22
-53 -1
-79 13
79 -78
43 17
83 16
28 -12
-9 -15
47 36
-28 -85
62 -18
-37 8
43 -45
88 76
-71 39
-34 45
-76 -94
40 37
39 -54
-43 -2
-33 -37
4 -88
75 43
-68 75
-45 -63
92 -11
-38 -97
92 20
-92 24
20 95
52 58
-79 99
22 -73
91 -91
-68 6
-28 53
28 31
94 41
26 66
-24 12
-39 52
-88 88
100
54 -31
-63 -68
40 33
-65 -90
44 18
-49 12
26 16
96 63
-55 -37
80 59
12 69
78 29
62 68
-95 -40
-6 10
-63 -67
81 -1
-67 73
-4 98
-97 0
41 96
52 47
-51 56
86 53
24 41
-21 98
93 53
-14 70
-41 58
-69 -45
84 46
14 11
-62 96
-96 58
13 92
33 -99
42 -32
-29 34
-57 15
-94 -26
85 47
-18 16
-47 38
55 95
60 -64
85 44
-97 -21
45 22
-87 90
60 -88
94 8
-39 -52
8 7
55 88
66 -30
12 92
-66 -23
-49 97
83 60
-56 -28
-7 -3
-80 -46
-52 77
61 -86
24 46
14 75
-78 26
69 44
-73 -71
-41 45
-41 86
-82 -59
-98 68
-49 39
53 -52
64 -62
7 75
85 -75
98 -92
-47 99
19 74
-16 7
54 -80
99 59
13 -10
33 50
37 23
-14 -84
50 0
49 -41
-86 -80
-18 -8
-16 -51
-60 -87
9 -80
60 60
-26 -78
-13 -23
-70 51
-59 26
100
-61 -30
95 -71
36 79
-32 92
-81 -16
-10 -18
15 -97
31 -66
-57 -11
-85 59
-23 -59
89 -21
46 75
64 -23
39 -55
98 55
35 -19
-92 42
-62 -38
-29 -96
32 62
87 -63
35 0
85 88
55 -59
27 -39
-49 -47
98 76
-11 6
51 39
-7 -21
69 75
-14 -19
23 93
14 -45
-94 35
67 -44
88 -28
66 -15
-87 9
-57 72
-65 -52
81 -27
58 83
43 87
-36 -26
-46 60
-44 64
-40 -20
-27 -97
43 -80
-55 -72
-95 40
-44 69
87 -81
-96 36
-24 2
8 38
-77 -55
-42 -87
40 54
-49 -92
24 85
-87 -19
26 -95
61 -19
55 -20
-11 63
27 -91
-73 -1
28 31
79 48
25 63
-9 -63
81 74
-88 -83
16 58
40 -44
62 -84
-73 -75
-42 -4
-23 -70
-67 -71
69 -36
-78 -30
-81 -76
-26 -82
90 66
65 -94
10 40
17 37
-36 86
9 64
-59 26
79 -21
10 -62
32 13
-19 42
11 22
-58 -7
100
-40 -61
-24 99
56 -1
96 18
-24 99
24 -15
0 30
0 -66
-72 87
64 -2
-64 -34
-32 10
32 74
72 99
-96 18
-40 77
16 34
-64 -28
56 71
88 49
-56 -71
-40 47
16 52
-96 96
48 84
-56 67
88 -35
-32 70
88 -95
-64 74
96 6
16 22
-72 21
-96 -96
96 0
64 40
-56 -89
88 -77
-72 -15
-56 -53
32 -70
40 -29
96 42
-48 -54
24 33
-64 8
56 71
8 -67
96 -90
40 -29
-96 36
-16 -4
-56 -29
-40 -43
88 49
-64 62
-40 -73
-48 -72
-48 60
-48 60
-16 -16
0 -72
-16 74
-88 5
32 -22
-16 92
-40 95
24 51
-48 84
56 5
48 -6
-48 -90
-96 -48
56 89
-40 -55
-96 0
40 67
-64 -88
-48 -84
0 96
40 55
-80 4
-96 -18
24 51
40 43
-72 45
24 69
40 43
56 -1
24 -51
64 34
32 80
-96 60
-64 44
72 51
-80 16
-88 5
40 -77
56 47
-24 39
100
-60 -87
-84 3
-16 -68
-76 -47
-80 80
-36 -45
-4 -5
-60 57
16 -52
20 37
96 -60
-32 -28
-28 -83
12 -57
80 52
-80 68
-4 -53
32 -68
92 -29
-76 1
56 -74
-56 14
52 17
-28 -95
48 -96
76 11
-88 -38
32 28
72 -6
68 -11
36 -51
-88 94
-8 -82
68 61
56 22
16 8
-80 44
-92 -7
8 82
-96 -12
60 -33
-52 55
-96 -72
-44 -91
76 -73
8 34
84 -63
-48 12
-24 18
8 -98
-24 90
-24 -6
-84 -57
64 80
56 -74
56 -14
72 90
-96 -96
-96 96
24 -66
-96 -72
0 24
-52 -5
68 -23
8 94
96 84
-48 -60
-36 51
24 6
56 -38
64 -76
48 36
-28 37
40 -94
68 49
32 -92
40 26
-48 60
64 32
52 65
12 63
-36 -9
-60 -99
-76 61
-96 12
16 92
-12 -3
-92 -7
96 -96
76 -13
-20 83
96 -48
28 -61
20 61
-72 66
-8 -94
12 -9
68 -47
-52 55
-24 -66
100
-73 64
-23 26
-62 -21
-72 24
31 -87
78 -35
-98 9
61 89
81 -68
-43 -33
54 24
44 -38
20 -82
-25 -20
56 -86
34 45
64 -67
8 -60
-35 58
30 -69
26 -46
40 -64
68 -93
-90 44
-39 63
-31 40
31 -98
-98 -42
-86 20
27 -1
-47 -20
53 -38
-12 -16
6 -11
-58 26
-78 -97
-76 0
-91 30
-4 93
71 78
-15 58
-3 70
3 -11
-12 1
-36 97
64 -77
46 13
0 18
97 -10
-82 71
28 71
20 -2
92 74
67 -61
2 -54
89 80
68 61
35 14
21 -80
-53 85
6 91
72 47
96 -20
-5 -15
-79 -33
89 -99
66 -26
94 41
-69 -61
2 64
-14 -75
-40 3
51 56
84 42
16 -83
-26 -33
-97 82
-62 -14
38 -58
9 98
-86 -31
73 4
-25 -97
68 22
62 95
-97 -71
22 -13
-68 65
-93 70
-53 -60
-6 -2
20 -32
-59 96
51 65
-11 47
69 61
60 92
21 -72
-48 18
18 97
100
59 -34
-34 -22
-93 -49
-70 -31
27 -89
43 -34
-13 -22
39 95
-92 -70
40 -62
53 40
73 74
91 31
71 70
-27 -12
52 1
69 -71
48 32
39 12
-51 59
-66 -28
-72 19
-68 51
-56 -16
-98 -61
63 -55
92 68
-6 90
44 89
86 1
-85 -20
-97 58
30 83
81 -22
-62 63
-82 86
79 -43
88 -57
61 7
30 7
-64 -33
-91 89
-28 44
-12 -41
43 95
29 -56
-20 -72
30 25
-57 13
52 -68
63 -14
-81 41
78 -85
46 -84
-61 31
97 -49
10 5
3 85
-70 -68
-45 -62
53 53
9 19
55 47
2 -91
-86 16
-72 -98
-68 -72
-37 -49
-52 -89
1 -95
80 74
-22 -58
34 -42
-47 -65
56 -37
-81 -74
44 -12
13 -57
-15 -75
12 54
-51 -93
53 -14
-91 -98
-10 84
-89 25
28 68
-47 54
-70 45
14 49
-59 -67
96 30
31 63
-10 -63
-92 16
-37 -92
83 -51
-41 14
-50 -26
16 -14
65 -48
100
82 -43
-22 51
39 70
65 15
-71 62
46 97
-26 -70
65 -46
37 -64
-64 -87
66 22
-40 -17
-79 -55
-72 -75
-16 -95
12 7
-2 -90
-68 -85
21 -36
2 -91
57 -1
-43 -9
-43 -53
49 -92
23 -14
7 19
38 40
67 -25
43 69
-30 -73
71 -68
10 -86
85 57
-60 58
17 16
-58 98
44 -91
-67 2
-83 -25
-75 83
-35 42
29 75
-92 -85
-97 65
-24 10
-76 68
-24 67
14 16
-66 -78
84 60
0 55
-91 69
-13 47
-71 90
-81 -84
75 -17
42 -27
10 91
9 92
-12 48
-47 -84
21 89
79 -18
64 72
10 13
-1 66
-33 51
26 21
-41 -37
-45 78
-44 -86
89 -78
-89 33
-88 45
-94 -34
-48 29
-12 31
-51 -3
88 -11
-2 57
60 35
70 -14
-53 -84
-76 69
12 92
75 55
-48 -49
-40 31
-94 71
45 80
-12 64
-78 33
73 87
46 64
39 42
59 -39
-91 80
39 95
-7 98
-69 44
100
4 -23
-46 50
80 60
38 -74
78 -93
75 61
-69 -3
-22 -91
-93 27
94 -63
93 -13
55 33
-1 37
-10 -8
82 93
64 -5
-87 64
-58 78
47 -29
1 26
32 -3
16 -33
-83 -22
50 10
-25 90
-52 -94
-49 -42
81 -33
-4 18
48 -70
-82 79
59 97
21 2
21 -61
63 -57
-39 -9
78 -7
84 -64
-83 -55
15 -5
-50 -77
18 26
83 -90
44 -53
29 11
-90 -16
74 -21
-72 70
7 -57
25 -21
-68 -31
-33 31
-56 98
-14 59
72 -17
-22 -41
-17 58
53 12
-54 94
81 28
52 -45
-60 -31
98 87
12 4
-4 -95
-82 -17
59 60
-56 -53
-92 87
50 -26
32 94
20 88
80 97
-69 23
-3 -20
4 58
-29 -47
-64 37
35 12
33 79
-27 -31
-12 -20
56 42
93 -69
2 93
39 53
-59 -4
3 60
-99 -93
54 54
98 50
-92 72
43 75
-79 86
36 80
92 -30
-30 86
54 36
-64 -43
98 -36
100
52 -79
-82 85
-82 -83
27 66
90 -81
35 -56
-28 -98
-62 74
-83 74
-61 1
60 30
-18 -51
-31 79
-17 -82
-73 -26
-6 81
-74 89
-39 33
-23 20
32 -47
77 49
10 89
-98 -91
-60 -51
98 -14
54 -99
-26 71
-53 89
62 52
88 -61
-28 -14
-9 90
-68 29
-91 49
88 23
87 -72
20 10
-81 54
-5 29
-48 81
-75 -6
91 98
74 -5
27 -60
-14 -28
-1 -95
-79 76
94 5
20 -74
-32 -37
35 -98
-81 12
85 -10
61 62
81 51
-61 1
-83 -94
-53 89
-90 81
80 -65
-86 -64
-86 -22
12 90
36 -66
-53 -37
67 44
-94 -5
-25 19
98 -35
64 -52
57 -45
39 -12
-12 36
-77 -28
-29 -88
-99 -39
-26 -76
-6 -45
-6 -87
22 -52
-77 14
4 2
-68 71
9 99
35 -77
6 24
-94 79
89 76
34 -25
-83 -31
-74 -16
-44 41
26 97
80 -23
15 -66
10 -37
76 80
16 -13
89 13
64 74
100
21 27
43 39
-17 43
21 79
55 0
56 -81
-3 -36
23 -16
-50 49
29 48
-73 17
-48 17
-16 -47
-31 55
96 8
-7 64
-36 37
-6 -42
59 11
21 69
56 -48
-5 16
40 -36
7 67
-60 -2
83 43
88 35
36 74
54 24
79 -24
-60 -48
-63 40
-16 87
-10 -86
-2 83
-75 66
-67 66
-89 13
23 97
62 88
-77 50
-60 51
-63 -29
-79 12
-94 78
-97 48
-69 -34
67 -77
-16 53
83 -48
-95 -29
-47 -52
-60 5
-15 -17
-3 -1
22 -11
88 -72
79 53
42 53
29 -84
34 -28
-8 32
-62 -47
-29 13
-60 2
83 84
-84 -78
28 -95
-86 -79
49 67
-60 -61
-77 -71
-95 -57
-64 -7
5 52
85 -16
-87 50
-40 -49
-49 55
36 26
-91 -9
-50 89
-7 -72
-22 44
67 53
-8 72
-39 31
5 81
-83 -2
96 -18
51 78
-82 -67
-4 -48
68 92
94 57
52 95
25 66
-4 -88
-71 -81
-68 -9
100
-49 71
95 28
-88 36
-52 -15
-99 94
37 -17
56 -7
-87 5
32 13
17 -19
17 -31
-97 68
88 57
-58 -34
-78 82
60 -5
-80 1
-93 -74
88 -2
-99 -11
43 -27
45 -42
-62 -88
73 28
22 -67
96 91
-75 7
31 24
48 2
79 82
84 -25
16 -58
-57 64
87 -42
-15 -10
-46 83
-30 26
-12 -64
97 -49
63 -69
59 -61
39 95
-21 -9
-20 -45
47 -14
17 21
58 38
-12 -18
-80 -69
56 0
53 46
-34 -66
79 24
3 -11
-22 89
48 -86
20 -18
78 -63
-19 -85
-4 69
12 16
59 74
-13 -43
78 11
2 -64
-36 -31
-51 20
72 -5
-74 -91
60 -67
-78 20
-28 67
32 79
-22 2
-60 -12
4 -30
22 61
-63 77
-86 -67
-29 15
-5 78
84 20
-70 -20
89 -86
14 -19
-45 -80
-25 -47
-46 -28
77 -84
27 -80
65 35
8 47
-90 60
9 4
-12 84
-75 70
-43 26
23 -49
58 8
-92 -73
100
-90 46
88 12
95 -99
-9 37
45 -44
-30 -99
88 83
60 -85
66 -30
60 42
-21 -55
0 -91
-87 1
-1 4
97 60
-94 -61
-21 -53
-83 38
73 15
59 61
-22 20
70 38
6 51
12 93
-76 31
87 -43
-50 94
86 -76
14 47
20 83
-92 -65
86 60
41 -1
13 -12
-57 -30
25 65
-98 59
-14 -77
-2 -85
58 31
24 -15
-74 90
32 70
36 -65
-84 10
-8 -24
66 -43
64 44
5 -81
39 -68
-62 -92
81 -4
17 65
-60 40
-20 26
42 -74
42 -33
-64 23
0 -90
-82 69
-65 48
-10 26
-24 -74
-89 22
8 -36
-44 58
70 62
76 64
56 67
-42 95
-54 -68
-37 -57
77 55
-17 50
2 -56
56 -78
-84 -37
91 -2
-78 33
49 92
14 -67
30 70
-69 -39
-90 -52
78 -63
67 9
-32 -33
-29 13
58 69
33 -17
-31 -9
29 -48
32 -5
-25 67
64 57
59 -81
16 -37
30 -14
87 17
-65 -13
100
-97 -85
-4 55
-30 33
-57 -32
-43 -53
7 -35
65 84
-13 26
-74 28
41 -28
69 -70
34 -65
28 -59
85 -61
-41 -8
-50 -39
97 -37
58 -83
19 65
-86 49
-71 -15
2 64
47 -88
7 -21
30 87
-28 -63
-34 -79
-81 68
-2 -18
49 -78
41 36
-42 60
90 -79
62 55
-72 -63
-14 -44
23 54
18 -16
-86 88
51 16
-22 69
51 -95
-16 52
-55 -75
19 78
83 54
94 58
66 -83
-77 -31
-9 -30
59 40
0 67
21 28
95 -94
52 -62
5 -59
62 15
-48 20
-85 49
20 3
72 -91
66 -85
84 62
-24 3
38 -93
-91 -51
-68 -64
25 -94
6 95
54 -97
-94 47
82 -2
-21 -21
27 14
-98 5
76 -52
41 70
57 -28
31 -78
-86 34
86 -54
-45 71
14 -53
-40 -66
-37 -39
93 -60
-30 70
26 72
27 32
-94 13
41 -24
75 -60
-86 76
93 -16
7 -30
36 -36
-83 -84
-51 7
-71 -35
-72 -48
100
-6 -74
-15 -55
6 64
81 -81
9 -39
-3 3
-84 -16
75 85
45 55
-15 55
60 -10
96 -26
27 -57
36 -66
42 78
-54 34
-75 55
-66 6
-72 32
30 90
96 14
-81 -59
51 -11
-42 -8
-84 -6
-90 20
99 1
75 5
-48 -92
-9 -21
3 97
54 -74
-60 10
78 -38
-96 46
-84 -36
21 9
-90 0
-36 -34
-18 -62
36 24
9 -49
-96 -34
-24 84
-15 -25
-12 -68
12 -52
-42 -68
81 -1
36 -6
9 21
99 -49
15 15
-90 40
-90 30
45 55
33 97
18 52
9 81
-15 35
-66 -84
-12 2
-78 68
-63 -27
-39 49
-39 29
-9 79
63 -3
75 65
-48 -52
42 98
18 -78
90 -80
-84 44
54 -24
72 -82
54 -34
-84 -96
78 -88
39 -89
-24 -26
15 -65
-99 -11
-36 -94
39 31
-6 6
99 91
-93 43
6 54
30 -40
-36 -94
-78 -62
96 34
51 -31
60 70
-39 19
3 17
78 72
-30 -40
0 70
100
-78 -5
84 -38
36 -6
84 46
66 7
-72 72
18 27
-54 -69
-18 -27
-72 -48
66 43
12 58
-60 -98
-54 15
-84 -10
-24 -44
-36 -30
36 -18
36 -30
48 -80
54 -27
78 41
96 32
48 -68
-6 91
-6 -5
-66 17
-12 2
-18 -99
-12 62
-60 58
78 41
-84 -22
-96 52
-90 -75
-72 -24
6 77
-84 62
-48 32
24 20
72 24
-78 43
84 82
90 -45
-84 -10
-48 92
-72 0
-48 80
-84 -82
-30 -1
42 11
-54 15
90 -69
-18 -3
-24 -20
24 -88
18 3
-6 7
60 26
78 -55
36 78
36 90
30 -11
-90 9
-12 86
-6 -65
-36 -18
-60 -38
96 -64
48 -92
6 65
90 -93
30 61
96 56
12 82
6 5
-72 12
-78 -53
36 -42
84 22
90 87
-72 84
12 -26
18 75
-96 16
24 -88
96 -28
66 -53
-96 52
30 61
66 -65
24 -4
-36 78
-6 55
-96 4
30 -23
78 65
-84 74
18 51
24 -4
100
26 -53
16 96
60 -40
53 67
26 83
63 92
58 2
87 5
37 -17
-44 14
30 81
74 -75
68 4
63 7
-98 53
10 -52
13 35
-40 18
76 73
-71 -7
10 -85
-56 51
-92 -55
88 -90
-74 23
-14 86
78 45
-29 81
-59 37
88 54
99 7
92 80
56 38
47 80
-77 -38
30 -6
-91 -9
35 -8
54 -52
60 9
92 -20
-1 80
-3 80
5 62
8 16
58 -67
-9 84
95 -54
9 -7
-69 -76
75 -11
45 84
67 21
-43 -30
58 -16
-57 -28
-44 -91
-52 -56
3 43
-58 64
-67 17
41 -41
23 -97
-16 -55
-50 75
-34 -95
-10 6
-85 -54
-38 -45
-74 57
-43 17
25 31
-42 5
91 -58
91 82
-1 -48
-96 -39
-91 61
-77 69
78 46
-12 2
13 94
-99 -41
33 -78
-7 -20
-34 -56
65 1
-46 -12
-27 7
-10 52
34 38
46 51
36 7
-66 -12
95 -13
48 -20
59 30
35 81
19 80
47 25
100
-98 -69
-22 79
-73 6
99 -8
-92 -29
-18 38
9 -41
-23 -43
-5 98
23 42
-81 46
-70 -41
96 -33
-64 96
58 -68
-75 70
-36 -60
-32 -12
95 16
67 -20
11 -91
65 -94
62 -68
98 49
-28 -29
67 17
67 -93
-8 -74
-33 -30
18 23
18 -15
69 -83
-16 -94
-17 54
-36 -84
34 -72
-28 -7
-10 -51
37 97
-97 -31
-51 -2
68 83
25 -9
65 11
-82 26
13 -35
-65 -8
46 19
-4 -22
54 -8
-12 -34
-17 -63
-37 64
42 -29
17 46
18 35
12 -12
-58 2
75 94
-1 34
-76 -16
44 -78
67 27
96 -28
38 -76
86 -90
-19 -6
-71 45
59 81
84 64
-62 33
3 13
51 -34
84 -74
57 -22
72 -44
62 10
15 -22
-70 29
-7 7
-46 -75
63 -94
-95 -6
-89 36
43 -82
-40 10
-12 -18
-57 -94
-40 -29
-31 -3
-41 -34
-12 78
-83 -15
5 -86
86 3
36 -1
-14 -22
50 67
76 -75
0 31
100
86 84
12 80
52 -43
34 58
-52 -50
-76 -49
80 42
-30 -95
74 -2
-42 20
53 62
-18 97
-14 73
-34 -89
92 90
-97 -83
63 49
-95 -19
72 51
-28 98
51 -91
49 -9
-88 30
10 82
59 -11
15 16
0 -49
-6 -87
89 -5
-4 41
-84 19
53 5
66 -39
15 4
72 -84
76 -21
-14 -12
-15 -92
70 -35
-73 -54
-25 -62
-16 -8
-39 62
74 65
58 90
-57 -28
21 -41
40 -38
48 -36
-56 -67
52 -85
53 2
-61 93
-67 90
-25 -88
-85 39
13 -15
43 17
-52 32
80 18
67 12
-63 -74
-8 -6
-41 38
-57 93
-52 18
-61 55
11 84
-26 -77
48 92
71 73
69 22
-53 -38
24 23
-98 -62
73 45
-30 1
59 88
38 -49
8 1
59 78
-66 -24
-16 -15
61 -39
34 -40
42 35
33 -4
-7 67
-75 -11
12 9
90 95
-84 39
98 88
-54 13
-3 -8
87 -66
87 -66
63 -13
-28 -7
-82 -21
100
-38 -35
-9 70
55 0
9 -70
-59 70
20 0
-14 70
0 0
78 35
-68 -35
63 35
31 70
96 70
-46 -70
-5 0
26 70
-5 0
93 35
-65 0
42 -35
2 -35
91 70
-47 35
63 35
-64 70
70 0
28 35
22 -35
42 -35
6 70
-85 0
-74 70
56 70
-31 -70
40 0
91 70
-20 0
-3 -35
72 -35
81 70
-51 -70
2 -35
1 70
-84 70
10 0
-4 70
-32 35
-84 70
-75 0
-62 35
-79 70
59 -70
-19 70
-12 35
-10 0
5 0
60 0
93 35
-51 -70
-94 70
-39 70
50 0
-14 70
7 -35
-58 -35
-40 0
-36 -70
-84 70
62 -35
89 -70
46 70
-35 0
-88 -35
70 0
93 35
-62 35
54 -70
98 35
42 -35
47 -35
-24 70
-21 -70
-4 70
79 -70
51 70
36 70
28 35
49 -70
47 -35
20 0
-88 -35
35 0
-80 0
-63 -35
-22 35
65 0
41 70
-73 -35
-84 70
-11 -70
100
-44 -44
31 -77
-80 28
50 -40
-88 -79
-22 32
30 -42
-21 -66
-41 85
-43 83
11 47
88 25
-61 -16
-4 -67
-2 16
-81 -9
-89 -80
3 57
3 30
29 -52
-13 -22
-45 9
46 -53
-10 -28
8 -28
8 -82
91 1
-36 -63
-10 -19
-94 -49
-44 -80
82 82
56 65
85 -50
-33 3
-29 -20
23 32
-94 -76
-67 -85
27 -36
-16 -61
47 -79
37 -17
-23 -59
12 -96
-14 31
-14 -32
38 38
-3 -39
-41 67
-48 6
82 -89
76 85
46 10
-3 15
28 -89
18 -63
22 -77
68 -76
-23 94
-75 60
-95 58
-60 -42
46 37
28 -98
-5 -68
34 97
-47 70
82 -98
-83 -29
21 -96
-60 -15
-49 -31
-57 24
-2 -83
-18 -54
-6 39
80 80
-40 -4
42 51
-38 -2
62 -28
-28 -91
24 -66
-92 7
56 29
34 79
-25 -97
-79 47
88 34
-9 72
6 -3
-17 46
52 -20
83 -70
19 1
-59 -23
-58 -13
-56 -29
-76 -49
100
-26 -67
-48 51
-18 -29
80 -80
-75 17
60 -69
7 -73
47 24
97 11
7 8
66 -78
54 -71
72 81
-20 8
-91 -23
-1 65
-71 6
-12 -22
-21 -90
-79 -21
-35 -18
-98 80
-51 -28
-11 92
-62 -4
-99 38
-49 50
-86 -64
5 -43
-64 43
-63 30
-37 40
-16 -9
5 -65
-59 -77
-8 88
-74 97
39 27
58 -47
88 -62
-2 -30
2 17
-66 10
26 90
79 -22
2 -64
-36 63
-62 46
71 -84
20 -23
17 -65
-11 96
-79 -98
39 -18
56 42
78 -3
-53 55
4 -15
78 95
-61 97
97 -70
-27 26
-25 -33
58 -70
99 98
-98 26
85 -90
9 64
-62 -76
23 -83
88 -49
-6 26
32 69
52 43
-22 42
-1 77
-61 -16
-6 22
-21 -25
-39 53
-44 -51
-27 68
-47 52
-46 71
49 83
63 -26
-69 -68
-24 95
81 -86
-54 -38
-48 24
-40 -32
-38 -92
-34 -3
17 58
-12 95
-95 -32
8 -46
-48 8
-73 13
100
-13 -21
30 -36
97 21
-81 -81
78 90
-77 21
-76 60
79 39
52 -42
95 -75
27 63
-12 -90
14 60
13 -87
80 -48
85 -51
-84 72
24 -54
-41 39
-53 -87
73 -69
55 -69
52 12
30 90
-15 -99
-71 39
-49 -57
51 63
13 -69
83 -75
97 -87
-4 -12
-53 21
-94 78
-97 -93
64 12
31 39
77 -3
51 63
-69 45
-97 -57
9 9
30 -18
59 69
73 -15
-81 9
28 66
-7 15
8 60
-8 30
61 93
38 24
3 -45
-72 -18
-42 -90
-90 18
72 36
22 30
-40 24
34 84
9 99
85 -33
14 42
-53 39
-4 42
-67 -21
-25 69
34 -42
-79 -21
-33 99
69 -27
25 75
-58 78
90 90
-37 51
26 -12
-51 -99
50 -66
-74 -78
-81 -9
28 48
85 21
-52 -84
-16 78
-23 57
41 -75
-39 -99
-33 99
16 -24
-37 -3
-91 -39
-30 18
-89 -15
-87 -81
-66 90
-7 -21
90 72
-11 -51
56 -30
46 -24
100
-74 19
-61 18
30 4
-78 -68
71 -76
82 -97
-52 39
-90 76
90 95
59 90
-15 29
90 -79
-10 -54
25 78
28 51
30 15
-36 39
-25 85
-55 81
55 42
27 53
-78 -89
62 31
36 -93
55 -10
-28 -45
76 45
75 -21
45 60
-71 -1
-42 65
-90 -78
-20 20
-3 -44
77 49
23 51
-90 -18
6 -31
-54 55
79 90
46 73
-55 89
-41 -3
61 57
69 -27
7 -94
-35 47
-80 -61
44 98
-51 -63
36 -85
-60 -89
-47 62
-36 -6
54 -25
25 -71
35 -11
64 96
-85 75
77 77
-51 92
-22 -42
-65 -8
-91 89
-66 -78
-43 25
79 -49
51 13
-4 59
-97 92
-1 16
84 61
99 92
-7 68
80 -62
82 2
-27 43
35 -91
-97 60
-44 -68
-75 56
-77 -92
-79 98
-73 -7
80 -45
5 -37
-55 -27
-99 69
19 59
-27 -12
44 -96
-40 35
34 65
54 -99
60 -23
-35 -33
-1 -17
-72 -37
-75 -37
67 -78
100
-65 92
6 4
-58 74
76 77
23 -71
50 -36
-74 21
30 13
-13 68
-50 34
68 39
42 99
29 60
-87 13
99 -83
-47 49
32 -39
54 33
-93 -60
57 52
-58 53
-6 -30
-78 44
59 -42
61 -64
68 90
30 -71
39 -82
65 -41
-44 -15
-18 -69
39 89
-82 37
-87 -48
-81 66
50 2
-95 19
24 41
17 30
23 -14
-13 18
65 -33
38 -41
83 66
50 -91
-21 82
-4 -39
-36 -86
86 -18
-44 15
-67 -2
49 64
67 -31
-58 -38
10 -55
28 1
-51 20
-56 53
-89 -5
-33 87
-21 50
-39 -28
-44 43
-17 -20
-86 46
-85 44
-69 20
-52 90
-40 -59
2 -16
27 -5
-17 -81
12 38
59 -97
93 39
-14 40
20 14
-66 -14
1 54
-42 -36
54 72
70 26
-77 -44
-55 47
93 60
-85 21
-76 28
-1 74
-81 -40
-78 36
60 39
-57 -98
-75 -75
-18 -75
0 -87
-50 -41
38 90
59 -86
-53 -29
-58 17
100
39 57
80 -67
-9 16
89 62
-9 -61
-86 78
-61 -39
19 -8
43 50
-50 -24
27 70
76 -75
70 25
68 -28
-56 -2
16 -97
-9 -62
10 36
76 -91
22 12
84 61
-17 -17
-20 24
11 -79
-91 94
-25 44
58 21
54 -13
44 44
-18 4
58 -95
-83 -67
38 -24
-49 -91
-23 -66
94 70
-31 20
28 -78
-24 13
-18 -95
23 52
-71 -45
-84 -51
-59 83
76 20
11 56
96 -34
80 -77
99 -50
69 -40
17 84
-39 84
-33 -2
34 0
-59 -35
-5 27
82 -15
-9 -10
76 8
-23 7
15 -31
-95 55
-28 -72
-91 52
-49 -96
60 40
-76 -24
-46 95
-47 -56
17 67
-12 33
90 64
37 18
73 69
17 -32
85 -56
60 70
43 69
-97 51
-19 -6
17 -53
-52 40
27 32
85 -67
-46 -31
18 -87
-62 85
85 80
92 -53
10 -45
22 14
68 68
-31 70
31 -91
8 -88
54 -93
-20 55
82 92
61 97
44 18
100
-90 64
-89 -92
-23 34
-97 27
-31 48
-24 -54
2 -51
45 82
-94 -78
-88 1
63 43
-27 70
-55 -31
-38 31
-2 -36
78 -56
-11 -8
-67 -1
-61 -29
-20 -16
42 -8
-34 -20
43 -58
-48 -16
-70 -1
-60 -71
-77 -54
-20 96
-59 82
70 -93
-9 -28
23 -52
-15 -91
-69 -25
-76 28
84 5
52 69
84 -51
26 -6
-98 16
-7 -28
-77 16
-77 46
43 -92
8 86
-71 12
-51 35
26 -57
52 -37
-62 -34
62 34
34 -53
-52 5
25 -99
65 45
61 -9
15 11
-7 -96
-66 69
53 -58
9 75
82 55
72 -62
79 70
-27 47
87 19
64 -91
97 -71
8 -37
85 96
-51 24
-49 80
-55 30
-13 -55
4 28
-43 -99
-64 -16
82 -44
41 53
-70 38
-39 -5
16 96
15 60
-3 -61
38 -52
-32 17
-52 49
43 25
-44 81
43 10
-41 29
-47 -45
-91 -12
79 50
13 -52
77 -81
53 -21
65 77
-19 -11
-91 26
100
9 32
3 84
-38 56
-36 -88
54 52
-22 44
24 12
55 -60
13 24
-19 -12
21 -32
-28 -24
41 -32
29 52
87 56
1 -72
-7 64
-37 -56
-55 -60
47 56
52 -44
-20 -20
-36 12
-88 -4
-55 -80
-48 -4
-79 8
51 -92
85 80
97 -44
51 -72
83 84
67 -64
-25 -20
94 12
92 -4
56 -92
16 88
-53 16
-75 -20
-62 -56
22 -64
-82 24
95 40
89 -48
-7 -36
62 -4
-82 -36
-82 24
-35 -60
-38 -64
82 76
11 -72
8 -36
35 80
92 96
-22 -16
19 32
87 -4
36 88
-11 -28
92 56
33 44
-83 96
-71 -48
5 0
-42 -56
7 36
6 68
-77 44
95 -80
-41 -88
-37 84
47 -64
-31 -68
-7 84
79 -48
-99 8
49 -28
19 -88
-6 12
-63 -4
53 -76
-51 12
-66 52
-57 84
-50 20
33 -36
-79 -52
-26 -48
82 -64
-65 0
-13 16
86 8
6 28
53 44
-63 -84
-31 92
4 -88
93 -36
100
76 65
-24 20
36 25
-68 75
-12 -45
68 -75
-16 50
16 -50
-48 -70
-36 85
-48 40
80 80
-44 -55
96 30
40 40
44 55
-52 25
48 70
-8 80
96 30
-80 30
4 15
4 15
36 -85
64 20
-76 45
-76 45
4 -95
-96 80
-68 -35
-56 10
-64 90
52 85
36 25
88 0
4 -95
36 -85
-64 90
-4 95
-16 50
20 75
8 30
12 -65
-36 -25
-84 15
-48 -70
-4 95
8 -80
8 -80
-24 20
80 80
-48 40
32 10
-44 55
-72 -50
24 -20
-24 -90
-8 80
-80 30
-48 40
32 10
4 -95
-68 -35
-80 -80
-40 -40
-40 -40
-8 -30
8 30
-80 -80
-80 30
40 40
-32 -10
56 -10
84 95
20 -35
-20 35
-40 -40
-64 90
24 90
24 90
-36 85
16 -50
-64 -20
36 -85
-8 80
-48 40
60 5
52 -25
36 -85
76 -45
-40 -40
-64 -20
-48 40
-64 -20
-16 -60
-56 10
-16 -60
16 -50
-4 95
36 -85
100
-73 -72
88 96
-34 80
11 -72
-17 -72
-61 -8
23 -8
-79 8
-78 -80
51 -8
53 40
-28 0
-63 -56
-81 -40
87 -40
-66 -16
85 -88
-92 32
34 -80
-2 -48
-27 -88
-26 48
48 32
-86 -48
-22 -80
52 -96
5 8
-44 64
-8 32
-12 -64
89 8
-58 -48
49 -56
49 -56
-54 48
-28 0
-1 88
-79 8
-28 0
-54 48
34 -80
-32 -96
36 -32
-64 32
-67 72
-76 -32
-38 -16
-68 -64
-80 96
-7 -56
-21 56
-7 -56
-8 32
-33 -8
-44 64
-76 -32
78 80
90 -80
50 80
-40 -64
-54 48
85 -88
87 -40
32 96
24 -96
74 -16
-2 -48
-89 -8
-59 40
-60 -96
-32 -96
-32 -96
20 32
-12 -64
21 -56
16 -64
44 -64
16 -64
-10 -16
-20 -32
24 -96
-21 56
4 96
-11 72
-83 -88
-6 80
87 -40
49 -56
60 96
-12 -64
31 -40
58 48
-15 -24
-36 32
79 -8
-86 -48
51 -8
-64 32
-69 24
28 0
100
-4 51
-43 79
-46 69
93 78
-39 45
89 38
-84 -24
-42 -66
98 32
21 61
36 23
78 -86
3 -69
-97 32
35 -87
99 89
62 37
25 70
-29 65
-83 97
55 24
18 81
3 0
-28 24
-34 -4
-53 73
-47 -28
66 47
6 18
-69 28
89 82
74 46
56 97
67 -53
-78 38
-14 -29
-89 34
78 42
2 -11
46 -25
-58 -70
56 -87
-52 14
19 -90
-24 -40
-65 58
71 78
-44 -20
-23 13
61 -23
21 48
82 -30
-49 -14
92 13
42 -29
-9 17
53 -56
-8 -32
39 18
-46 -34
-85 -53
-48 83
61 87
-57 67
-19 -71
13 -28
-8 72
-38 54
58 53
11 -76
59 -11
96 -28
81 -79
26 -30
-49 -32
68 -28
79 37
-51 -95
-55 -90
-85 73
-27 -42
-40 79
56 3
-39 76
-34 79
-84 -51
-11 -99
-71 50
-40 -97
56 -13
-94 -38
-63 -24
-19 -45
18 -33
11 -39
26 -44
15 -23
-38 -10
-59 47
-8 -22
100
12 98
-30 -20
-65 55
-24 -99
10 31
33 18
-89 -84
-19 89
-18 -49
-50 73
-87 62
-78 30
-87 -64
74 -71
-52 -8
-24 93
36 29
-53 -82
37 -21
-30 91
43 52
-36 65
-78 17
96 96
-10 -18
57 93
87 -69
58 -74
-70 87
-8 85
97 43
12 92
53 34
65 18
37 6
-65 17
-62 -56
32 -47
77 1
-4 95
-80 25
30 86
-59 91
-55 38
-38 -42
-73 73
87 -56
-88 69
53 47
74 4
16 -89
18 -16
-92 -63
75 40
65 76
1 72
-23 83
-31 -70
-59 63
55 -92
-16 -2
20 -37
-53 0
73 -8
-42 45
-74 10
-68 57
-82 64
-10 5
35 8
-48 -56
88 80
96 5
-21 -82
36 -44
14 41
0 4
-86 -62
76 6
-50 95
14 43
-24 -11
19 3
87 98
53 62
-46 48
-22 -8
86 35
-59 75
-35 -40
51 70
2 -92
41 -92
-49 -98
60 49
45 79
-1 97
-17 -91
-7 91
-66 89
100
-21 70
-35 -95
75 -78
99 21
39 -16
88 98
-48 -53
-32 -15
-17 70
58 -94
-82 -88
18 -92
-91 -47
46 61
14 7
-64 -98
-39 99
-85 52
-9 -12
91 10
-86 -70
-69 -77
-52 -41
68 50
-41 -23
9 41
-21 21
-98 10
-83 -80
49 39
41 -13
30 14
52 76
2 98
21 -52
-36 51
-94 -46
37 15
28 -87
59 60
-64 69
28 16
94 -92
12 -17
-23 26
-50 -57
80 -69
58 -23
-90 57
-16 -5
6 -18
90 -8
-67 30
-55 39
-13 -56
83 -89
69 -88
12 77
-20 -68
37 46
60 99
-25 82
-50 -96
28 6
91 13
-7 -13
41 -65
-25 -76
-79 -54
70 49
-33 -50
-85 40
21 -16
32 -35
7 -77
-5 59
-61 -11
29 -44
21 -60
-23 60
60 31
-56 9
72 -81
48 -24
-8 -96
-93 89
66 -4
-47 25
-44 81
-60 -91
-1 -25
30 -77
-8 -46
97 53
19 36
-32 37
-17 -83
-77 84
-98 -89
69 -82
100
26 -4
-62 -86
26 -15
-60 -85
-35 27
34 47
15 -21
0 71
38 55
20 -44
94 -24
-72 -15
1 -69
-19 -48
-74 -37
-90 44
80 -7
-15 99
-7 -22
-56 -91
-86 -66
40 -34
-48 7
-55 36
-7 33
57 29
78 54
65 72
23 -46
17 -49
32 -37
22 -87
-4 98
-36 -85
-63 4
40 8
-28 -71
3 21
-29 32
15 -45
-23 48
-87 -50
67 -6
72 -71
14 50
-30 82
-67 9
-47 -5
-21 -81
-14 87
-28 3
8 69
-97 4
-43 -31
-72 -85
0 -48
87 -46
-75 -21
39 55
-74 19
-24 7
53 -16
99 36
45 -26
-84 51
-84 -89
38 57
-75 65
47 44
-8 33
10 -40
91 -32
96 -7
-17 -58
-1 39
-92 -75
89 -96
-67 -37
-68 17
42 -53
-32 85
-31 42
-94 -13
-27 85
-74 21
51 99
-69 -88
87 -42
57 -1
-70 31
-20 86
1 -58
-85 -91
-73 -13
-43 -33
92 27
-24 0
-84 -91
-29 -44
40 -66
100
-71 -77
-69 -45
-15 92
99 -5
-37 3
43 81
94 83
-14 81
7 94
31 -59
-54 -56
59 -36
79 99
61 64
-85 -68
55 -65
75 -78
-18 -85
-12 -41
30 -2
32 -18
79 47
-21 77
21 -29
1 -13
-60 34
-44 40
15 -62
-64 -30
29 -42
88 -85
35 70
-8 -19
-18 57
-98 -42
-64 12
39 55
6 -54
-52 -33
-88 19
-15 32
-6 -16
80 78
-81 72
-86 40
-43 19
-43 32
10 -55
33 50
-43 89
-65 -91
-19 34
40 77
-32 82
-3 -87
-71 -43
92 61
35 -33
80 32
-77 -90
-3 0
-46 -26
18 -46
-11 -17
9 -54
61 -41
97 44
8 50
45 67
-59 -96
27 -12
-77 6
-93 -25
30 0
-83 93
58 -19
-80 99
-42 87
74 61
-40 -96
-22 -50
-22 52
6 14
-63 38
14 13
-75 -8
41 -17
-80 80
66 -63
77 -57
-42 69
36 9
-29 -41
-63 -34
29 53
91 -87
57 8
-82 0
78 82
-33 -33
100
-54 6
19 69
-98 -38
0 0
-98 -18
71 21
-7 -37
97 27
49 59
-98 -18
-24 56
17 -13
-54 -54
-74 26
-35 -5
-28 52
73 -77
80 -80
41 71
85 -45
96 76
-15 -85
-67 -97
55 85
5 15
37 87
18 -82
-51 -81
87 17
-22 18
-81 89
-33 -43
71 -79
93 63
-43 -93
-88 32
-15 -45
-74 -74
58 98
91 41
5 35
69 99
-13 -63
-3 7
71 -79
8 -92
-2 -42
44 -16
-97 -67
-69 1
-85 65
61 51
70 -50
-63 67
-66 -26
-24 -44
-54 46
-25 -55
-90 -90
-7 63
38 38
95 -75
-36 -96
9 39
77 -13
-45 -35
33 43
97 67
-13 -83
-24 36
-37 -67
-91 99
50 -70
14 34
-57 -27
38 -42
24 64
65 -65
12 -68
-69 21
35 25
-69 -19
63 -87
-74 6
91 61
21 71
-1 69
24 84
64 4
52 -68
-44 16
-89 61
-83 -93
-41 9
94 14
59 9
35 5
-95 -25
-47 23
20 -60
100
86 1
-54 91
96 -14
-58 47
30 15
-88 52
8 -92
-38 -33
-4 -44
-74 11
-10 55
-66 -1
54 99
14 -11
0 -80
-72 8
10 -35
-6 39
-8 72
28 68
98 43
-22 -77
-26 99
54 99
-50 35
10 -55
26 1
82 -63
32 62
2 -23
8 -92
-4 66
-90 5
26 -9
-90 -45
-74 -79
86 61
48 78
96 86
-92 78
90 15
-48 -68
10 45
-92 88
2 -33
-62 23
46 -29
-88 22
76 -54
-54 61
-48 82
-80 -50
-86 69
86 -19
-4 -14
18 -7
-60 -10
64 -16
10 5
40 0
44 -96
68 -42
-30 -85
20 -20
4 74
-82 -27
-42 -17
16 6
86 -9
16 -44
84 64
66 -89
88 88
90 -85
12 82
24 84
84 54
84 64
-52 18
-74 -49
40 70
86 1
38 63
-92 -72
-32 48
36 76
52 -88
-12 48
-30 55
42 -43
-30 25
72 12
2 -43
28 -72
-70 -45
-22 73
90 -25
40 70
38 -7
-66 -81
100
17 -2
97 73
86 64
36 -31
-61 -34
-64 -11
-51 -64
87 -2
60 30
0 35
-67 -58
0 -35
-31 -19
-40 50
74 51
-63 -7
4 51
36 -66
-6 46
-74 54
37 43
73 -58
57 53
65 15
65 -20
27 3
-35 70
-64 94
46 9
39 51
-12 92
1 4
81 -96
-64 -81
72 8
81 9
-1 31
-99 59
4 86
-72 97
-36 31
22 53
-59 79
29 -59
42 63
20 80
81 44
-68 -97
-83 53
-51 41
-18 -2
13 52
-34 74
40 -15
-44 34
92 -52
51 -41
-32 -23
37 -97
6 -46
-36 66
69 -74
-19 -76
47 -22
-38 93
-51 -99
1 4
-89 -76
42 -42
22 53
-37 -78
20 -60
82 48
-52 -33
-97 -38
97 38
37 8
-81 61
-12 -13
-41 -94
18 -33
-26 1
83 52
-27 -3
37 78
23 -48
-86 -29
28 -28
-84 84
97 3
-35 -35
75 55
54 6
-1 -39
56 49
81 -26
29 -59
83 52
72 -62
76 -81
100
-20 -55
-24 78
-16 -68
92 1
84 27
52 -49
84 -63
64 -88
60 15
68 -11
-8 86
-76 67
84 -93
8 -86
52 -19
24 72
-68 -79
56 -62
72 -24
-76 -23
-36 -93
72 -84
-24 -72
-16 82
84 57
0 -60
-84 -57
-92 29
20 55
72 6
-32 -76
-56 62
60 45
-12 39
8 -26
28 59
12 -99
12 51
-96 -78
-60 75
16 68
92 1
-12 9
-76 -53
4 -13
-4 43
-76 -53
16 68
-88 16
-44 -97
-16 22
40 50
-76 37
88 -16
-52 19
-8 -34
44 -53
-4 -77
80 70
0 0
-52 -41
84 -33
16 -82
0 90
-36 -63
-76 67
-80 80
-12 39
24 12
-84 -27
60 -45
44 37
-4 43
4 47
32 46
-16 -8
64 -58
-4 13
36 63
-4 43
-36 27
-48 -54
36 33
-88 -14
88 74
-48 -54
-52 -11
-56 -88
-12 69
-28 91
88 -76
-48 6
-20 -55
68 79
80 70
-20 -55
-12 69
40 80
88 -16
-12 -81
100
-60 70
90 -63
54 -9
-72 -12
66 1
-30 -55
36 -66
78 -13
60 -16
-12 -28
84 -80
-48 14
18 -51
78 -19
-48 38
-66 23
54 -81
54 -57
60 50
-78 79
-36 36
-78 73
-48 38
78 -73
24 32
0 36
-78 25
66 -17
-78 19
-24 4
90 -45
-54 -15
-84 80
30 -53
84 -20
-72 -72
-72 72
-96 94
42 -37
90 -57
-24 -14
60 38
54 -33
-24 -62
-18 -27
84 76
48 -80
-6 37
30 79
66 -35
-54 39
48 52
96 -52
-66 -25
72 0
54 -57
24 -82
72 -18
-90 27
-12 56
-18 -69
-24 -68
-96 46
-60 46
-60 94
-96 -2
24 -88
-90 -75
-72 18
-90 81
30 -71
-18 -9
48 -68
90 -93
6 -43
96 -70
84 -68
-48 -10
-30 -49
18 -21
96 74
60 -52
96 68
-12 -70
66 61
90 -57
-18 -39
66 -47
30 55
60 -22
-36 -42
-60 82
-6 49
-6 -53
-66 -37
-96 40
90 51
30 -29
-12 -4
30 -83
100
-10 -90
3 -50
-36 -16
-78 68
-67 -64
88 22
-92 96
-32 -57
89 -46
-88 -99
-26 -3
74 -27
-77 77
64 -40
31 -29
-62 -19
-87 -90
-56 -42
91 49
-34 79
-98 -35
95 8
41 61
-68 81
90 40
-19 -94
-13 -40
-32 97
-84 -63
50 -12
6 -23
15 -96
39 43
-94 1
28 21
-95 -8
-70 63
35 84
-12 -31
28 21
62 -58
13 40
-82 32
-33 11
48 -30
32 -20
-42 7
-59 85
-28 -98
62 96
32 57
-47 -38
17 -1
64 37
-27 -89
-69 -5
50 -89
-1 68
-15 -58
-69 72
-68 81
-14 28
-66 22
50 -12
-60 -78
57 51
26 80
10 90
-96 -17
-66 -55
5 45
27 89
-95 69
-70 -91
-94 -76
94 -78
-78 -9
-18 -85
89 31
-90 37
59 -8
-85 5
71 23
-74 -50
-3 50
-62 -96
-67 13
-7 14
-23 24
-4 41
86 -73
-4 -36
74 50
4 36
66 -22
-98 -35
-38 -34
-32 20
-23 24
17 -78
100
75 61
44 -57
42 11
93 -54
84 -45
1 -96
74 81
7 22
46 -47
25 -40
-90 -35
3 29
1 -23
78 -66
79 -10
56 -40
54 73
20 26
-43 -94
-76 17
-65 26
51 76
77 78
-98 13
-29 28
85 -11
67 -56
94 -75
78 17
23 -77
-14 -77
4 13
-41 75
-54 43
85 3
21 -92
-88 86
12 35
-23 -20
38 47
58 64
83 -22
9 -41
-34 92
-17 -68
39 -15
65 -73
-26 92
-24 -26
27 6
-31 -24
31 19
-97 -53
11 -10
99 -1
-31 61
71 50
38 10
25 43
51 78
-73 -37
16 -47
-54 -73
56 30
-55 -58
0 -30
-51 -85
76 -53
-52 -18
3 93
76 69
26 83
26 40
-97 9
11 44
63 23
77 -81
74 -4
-40 -40
-78 -51
-41 16
-70 28
-29 -75
-40 71
40 -65
-29 37
43 35
-81 33
-9 -44
-48 -59
63 25
-7 54
-44 -25
-39 28
-55 -19
17 62
-38 -99
8 -85
-14 -73
-40 -30
100
-73 52
37 61
-68 -81
88 -18
-6 8
84 63
-90 91
33 71
52 -98
38 61
-30 77
-45 -36
-46 6
-55 57
35 5
-91 -16
-89 -86
-2 23
-69 42
94 -28
-38 59
-23 55
-41 46
-62 -86
-49 10
83 -14
-17 -12
-12 40
15 -81
4 68
22 -65
36 -6
-11 -66
-30 -83
-40 -7
38 42
-81 -21
48 -90
-32 17
46 -28
89 87
26 56
39 79
-33 31
-30 -91
-79 -71
34 -97
-83 -57
59 -32
-99 50
39 52
-1 -23
53 94
8 -48
38 97
92 85
-72 8
-87 89
98 -69
50 -97
-78 73
58 20
65 46
-92 2
44 10
38 48
-31 -8
-86 23
86 -27
-29 -75
-47 -31
-37 55
-46 -13
96 18
99 7
48 84
-96 -49
-19 -56
-16 94
-78 -94
95 -3
-63 51
-73 75
-31 96
63 24
51 -16
-30 -96
94 50
83 -18
31 91
-41 66
27 75
75 -81
56 -86
-60 -36
25 -44
-4 4
53 -83
67 55
5 -23
100
28 -34
-53 14
-76 -72
36 -8
-6 8
25 -40
24 58
49 -32
21 62
60 70
37 -46
-37 -14
57 -56
3 -54
68 -34
59 8
-77 56
-20 50
-42 -34
40 50
49 88
72 -66
13 -14
-18 -56
48 -24
18 -84
78 -4
12 -6
81 62
-58 4
-24 -98
-49 -68
-58 -66
-18 -6
-50 80
92 -16
32 -36
22 74
-80 20
29 58
37 64
3 -94
-5 -90
62 -26
-39 62
-46 -92
-4 -18
95 -10
69 68
61 -78
1 -18
63 96
41 -38
-54 52
-64 72
-94 -8
-83 -76
-60 -90
-91 -92
-3 -46
34 78
-58 64
-7 -4
24 28
16 22
77 -16
37 -76
57 4
-62 -94
87 -66
68 66
53 6
94 -12
6 12
-72 -94
-62 76
29 88
43 -14
32 44
62 -56
-75 -70
51 82
-16 -62
71 2
-66 -2
56 -78
-41 -92
-25 0
-76 -62
20 -80
-63 44
43 -94
29 -92
-72 26
-83 -46
-13 94
-2 -84
-10 -60
83 -84
23 66
100
91 50
-85 82
-81 90
71 34
-64 -56
-6 -60
-73 10
21 78
-58 -20
-89 2
38 -68
-15 -90
52 -88
-38 -28
8 40
65 -50
-67 -2
91 -46
-58 -68
-74 44
95 -62
7 74
-40 -80
78 -36
-21 18
-26 -52
-8 -88
91 74
-10 -44
25 -58
21 30
78 -12
-28 -56
7 2
96 24
-28 88
-80 8
-50 -4
-23 -10
30 12
41 -74
-56 80
52 -64
-86 -4
18 12
-7 46
77 -26
-38 -4
80 -32
-53 26
80 64
19 -70
87 -78
57 78
26 28
38 4
38 28
81 -90
11 -86
86 -92
59 -86
-89 -70
-5 2
-15 54
-78 -36
54 -36
-94 28
-30 -12
-35 38
-51 30
-26 68
-21 66
42 60
-36 72
44 -32
91 -94
-88 64
-87 6
55 -46
96 0
73 86
9 -90
-82 4
44 -56
-32 56
55 -94
-93 -6
16 80
-1 58
69 6
-31 -50
-4 -80
38 -20
-57 90
7 -70
53 -50
69 -90
58 -76
-40 -32
-88 -8
100
63 2
59 10
1 -20
56 11
82 -13
-72 -74
-79 -15
94 55
95 -41
-80 -35
-29 32
39 60
47 -21
40 46
64 -54
36 -89
-24 92
-19 -46
-80 62
-29 17
5 82
82 -79
-52 -80
86 -26
46 -18
99 65
68 97
3 85
14 -48
-14 -97
29 27
-42 -53
-48 -82
80 -94
38 -40
53 97
74 -30
-80 -63
-88 -99
-79 -71
-78 -68
54 -61
-66 -97
-8 55
22 82
79 91
26 -77
-8 -45
68 46
75 24
35 44
31 62
12 41
70 -99
-76 60
-76 -66
64 97
-97 -46
83 13
-90 65
9 33
-97 97
-43 -92
-9 -18
34 -13
-12 -12
-32 -23
83 -13
70 -73
-31 -44
-27 -81
-23 -32
43 -91
66 -5
15 85
-88 71
39 -95
40 22
-2 48
-37 40
-17 -9
-60 -12
72 -91
44 12
28 -99
50 60
-72 -13
-85 -24
58 -65
69 62
2 67
8 97
-93 40
81 -18
8 2
69 -93
78 48
-42 -67
-38 81
-1 -56
100
-67 -31
22 -74
28 28
88 4
15 63
-64 -88
32 -4
-28 -40
-74 -26
81 -99
-9 99
-60 12
-7 89
-71 -83
-46 -58
-96 24
-1 95
-74 -26
56 80
65 -31
-85 -73
32 8
-15 -27
-70 26
72 12
-50 -98
-85 83
4 -68
62 -22
-65 43
74 86
-1 -25
-27 -27
-69 -45
-51 -27
-51 -51
-62 -50
-96 -48
28 -68
-31 65
-15 -99
64 -8
-20 4
-84 0
-59 -59
35 -49
27 87
31 67
80 80
-57 -21
52 16
-48 -60
-3 69
94 -2
77 -19
51 75
-85 -85
-50 58
63 -57
18 -30
51 87
-62 34
9 -39
-48 -96
60 24
61 61
89 -43
98 -46
74 -70
-12 -36
-27 45
30 90
-97 -13
-97 83
86 -58
52 -92
-46 -82
-1 83
2 86
88 28
27 3
-9 63
-61 35
-59 85
46 -74
0 -72
96 96
-63 -39
6 78
19 -89
64 -56
88 -80
-67 53
48 84
96 96
-81 3
97 -11
-80 -68
68 20
34 -50
100
-69 53
45 72
94 34
95 -51
79 -56
-52 -97
94 38
-72 -89
-41 64
-61 94
40 22
-90 -61
88 7
71 46
-69 9
-51 -94
67 -46
32 16
26 -37
-93 -49
1 37
-93 -19
-56 19
-29 -27
-55 -47
65 55
-51 -15
-49 79
-40 39
-39 73
72 98
75 0
-17 23
37 -65
32 54
-85 62
-94 19
-50 -87
-27 87
-1 -68
69 -1
98 -79
15 -81
-33 -86
-31 -79
78 -50
15 -27
14 11
-26 -79
33 59
-58 41
59 -39
54 -35
-67 -63
63 28
22 13
-67 -28
-49 16
-54 -60
14 87
29 -15
-34 -38
67 -50
38 85
40 20
-31 -87
41 -77
10 -35
-89 -34
-14 87
50 -5
79 -18
34 -47
-91 -40
-96 28
73 91
54 -19
43 -12
92 -83
51 -93
85 13
-28 -94
67 -38
-37 31
-59 -71
-81 -14
-76 -94
36 -56
-20 -59
38 60
-96 31
57 52
-37 73
10 94
-94 -76
-19 -97
-85 -94
-53 -57
12 88
43 -40
100
19 47
24 44
-14 -54
77 49
-14 -86
11 63
3 -60
74 41
42 -58
73 -12
-12 38
39 19
-21 17
-80 -99
-97 -10
2 46
53 73
46 60
52 -25
-62 -92
-26 11
-52 -99
78 -37
-84 83
-4 -22
-80 91
58 23
69 -9
-70 13
85 57
-76 1
-17 93
65 61
40 -31
-14 -41
74 62
3 -68
88 -11
-22 -26
11 9
2 43
-83 -18
6 -96
-77 -25
38 -92
62 85
14 -85
33 86
-24 -6
4 -49
-35 -34
-95 -26
52 -53
58 37
-74 62
93 46
73 -32
93 -27
74 70
17 38
-76 -36
52 -22
13 92
36 10
-13 48
94 -47
-4 5
-51 17
79 15
-61 21
72 -40
94 38
99 -25
30 -56
-66 51
73 -34
-18 -60
-87 -6
83 -64
76 65
-25 -10
18 86
-85 26
31 85
19 -9
62 -20
97 40
-47 42
46 73
61 -60
83 -83
-82 58
-12 81
-47 55
-78 87
43 68
97 -22
35 28
-16 -80
76 -13
100
9 -84
-17 28
20 -56
-61 -84
20 -56
19 84
-33 -84
-28 0
-65 84
-6 56
-8 -56
-23 84
76 -56
92 56
14 0
-45 28
-31 28
89 84
98 0
-98 0
-53 -28
-90 56
-45 28
-81 -28
-47 -84
5 84
6 -56
33 84
-31 28
-22 -56
37 -84
-53 -28
62 -56
64 56
-79 84
-17 28
-59 28
56 0
76 -56
56 0
-36 -56
48 -56
93 -84
81 28
-28 0
-53 -28
-33 -84
81 28
-93 84
17 -28
70 0
-34 56
-78 -56
-5 -84
-65 84
-33 -84
0 0
25 28
-23 84
8 56
-6 56
-48 56
36 56
6 -56
67 28
-36 -56
89 84
67 28
-67 -28
-36 -56
-42 0
-37 84
-53 -28
98 0
61 84
0 0
-53 -28
87 -28
25 28
50 56
-70 0
-31 28
-9 84
17 -28
62 -56
64 56
90 -56
-20 56
67 28
-48 56
39 28
-3 28
37 -84
8 56
50 56
-25 -28
61 84
-64 -56
-47 -84
81 28
100
-74 -24
10 14
-50 85
-57 85
72 -59
-76 -91
5 34
-4 1
2 79
-78 61
-48 78
32 -83
-29 61
71 13
85 86
-56 52
52 -55
-53 35
19 30
-98 23
-33 -55
70 -24
-73 -15
-43 71
32 -30
-16 -25
89 92
62 -42
19 -89
-82 35
-33 89
-94 -82
-73 -97
79 56
-26 -3
-54 72
61 -55
-46 -63
-34 -32
75 -84
38 78
14 -70
49 -98
87 48
87 -62
47 67
90 23
-46 -11
74 53
89 51
-55 19
-80 36
39 -75
-20 -7
1 -60
12 1
35 49
-82 29
28 61
-46 -4
95 -78
40 -6
-55 -85
99 90
99 -13
8 -45
93 72
-27 30
-40 -37
6 9
35 98
27 11
-85 -78
-46 -56
49 67
12 -73
-56 -63
-67 -36
-52 32
-44 66
83 85
21 71
7 70
-44 88
61 25
-56 -83
2 82
-14 46
48 -78
-65 -90
-35 -47
-84 80
-89 -56
12 -9
48 82
-60 -29
-16 -78
66 67
-98 69
23 -41
100
-43 -86
-39 -32
-44 20
83 67
25 -73
56 96
19 13
49 -4
20 -45
-80 15
70 77
41 60
37 -22
21 67
34 -95
54 -52
63 62
-98 76
8 63
-53 -33
-57 -38
29 14
-17 -2
-5 38
-50 1
-34 20
-30 74
-31 53
-23 3
39 0
-52 -94
-86 -5
-65 90
-59 -32
18 -78
44 21
-39 -51
23 -37
-30 21
-39 -95
49 -58
-83 -72
64 66
-37 46
84 -93
56 -54
30 57
88 43
93 -6
-76 40
61 -43
58 18
-97 -17
1 -59
44 -15
-65 -80
18 53
31 8
-17 -29
93 -25
-88 19
-1 -76
46 -29
-90 -88
-83 30
24 -62
19 -53
-50 -60
-54 -70
-44 88
-24 -89
85 99
10 77
97 -27
-42 -75
-88 -36
-39 38
27 90
67 -28
82 -89
35 -73
-58 -60
-24 82
-42 -43
22 18
-91 82
37 -70
-41 -49
32 24
31 -25
23 76
45 -69
90 25
-76 -51
67 -97
94 44
-68 72
-92 -30
16 -25
0 31
100
1 92
-88 8
58 40
-13 -20
-14 56
-98 48
71 12
43 -20
29 -20
-42 -72
51 76
-14 -88
-19 12
-27 -12
-56 8
-2 0
64 -64
-63 52
17 44
34 40
83 -68
-29 52
46 -24
-9 -4
86 -48
-15 76
-6 -16
26 -88
8 0
-86 80
-58 24
3 4
-38 72
-23 60
15 28
-98 40
-25 4
93 -84
-44 16
-62 -96
47 76
-95 20
45 76
3 -84
71 84
55 52
-98 0
-47 68
-42 96
-52 8
-99 -52
87 -4
78 -64
54 -56
-76 -48
67 -68
21 -28
29 -76
84 -64
39 60
-79 92
17 -92
-5 4
-12 16
-48 24
-13 92
-67 -44
-97 76
-12 -48
-35 -84
-29 -76
-81 -52
6 -24
48 0
-47 -28
-45 76
32 0
46 -72
4 -80
20 -56
95 84
6 -56
-87 -44
-79 -36
-31 -60
88 40
-77 36
26 -96
82 64
-13 -52
26 -96
3 4
-4 -16
7 -36
-12 48
-68 -72
31 60
-9 -4
-76 72
-96 -96
100
76 -84
64 87
-42 86
-65 -54
-7 58
94 8
75 50
53 -46
36 -40
67 -72
62 -17
29 74
3 -25
-18 -18
41 -36
22 99
-1 -95
22 34
58 13
41 76
50 65
-60 -11
6 90
-18 87
30 -61
40 -49
59 75
72 -99
-94 -37
-4 61
19 89
-62 79
82 -99
61 -17
-30 -1
74 -41
75 -34
-96 58
55 68
-61 76
83 -90
46 -72
-38 -19
42 72
84 75
-73 3
-89 22
70 49
30 7
-38 15
-27 23
-1 -2
-32 32
31 16
84 70
40 80
65 -7
-31 45
-13 -27
-17 -23
-46 -45
69 60
69 95
-36 -99
-23 64
9 -73
-73 -45
35 64
-44 -22
-29 73
35 -23
-44 24
73 51
-7 11
-65 15
-11 69
56 87
-76 -93
-77 34
-85 90
83 55
-11 31
67 -46
54 94
-4 -39
-28 60
-74 58
-90 -3
33 87
8 42
-20 -36
9 68
62 -1
-8 26
-19 -47
-28 41
-60 -96
-7 -44
11 69
-18 88
100
88 20
53 -27
77 55
97 44
6 76
76 -37
45 -43
-32 55
-22 -77
28 -42
-62 -57
-36 71
14 44
-50 42
-3 -84
96 55
-22 14
-6 -27
-12 20
48 6
81 -35
-43 49
-47 -13
-98 62
-8 -86
-69 -55
-30 -51
1 -35
-49 -44
56 -95
-69 -91
-90 81
-99 -82
-1 99
-75 78
96 -2
34 74
-68 -51
39 73
-82 68
-54 -67
28 0
-24 -21
-74 -72
2 65
78 -23
67 66
80 -30
-80 20
2 -16
-78 -17
79 -15
-34 88
88 78
67 -1
-2 -39
-46 -71
-56 2
18 -81
39 46
70 63
-56 73
-54 52
4 79
-98 31
11 50
-31 51
63 73
79 4
95 -52
50 9
53 68
-66 66
-25 17
-88 19
73 -53
-37 -44
-41 95
-43 -4
7 9
-84 71
-86 -88
7 -31
-57 -90
84 -64
-4 -46
56 18
-77 -39
6 -74
98 -94
25 96
-14 -4
-12 65
7 39
-56 95
-59 -3
35 80
77 -29
-67 -17
40 79
100
14 -14
5 3
-27 46
96 -97
-31 -83
80 -66
-38 -98
-40 28
-50 -13
4 9
-13 -75
-65 11
-55 24
-8 -89
-93 -87
-88 81
-51 25
71 9
98 -23
-69 10
-80 88
-49 78
18 -89
-7 -2
28 -85
89 65
55 -87
93 32
37 55
-13 -67
-80 77
66 -99
-19 -60
81 -54
-75 44
40 73
-39 54
64 44
-4 13
-94 43
59 88
1 57
-17 -77
-6 -69
-43 41
71 -7
86 -19
-26 -51
67 91
-83 -12
1 -22
-41 -62
-16 33
3 -90
-33 -61
20 -51
40 63
-2 41
-66 -45
-79 -94
-19 -52
-46 7
42 -24
58 -82
-58 -66
-91 -24
7 -48
23 59
-46 37
-99 -79
29 -44
-38 13
-55 87
-12 -58
4 54
-38 -26
65 -68
93 49
49 -50
45 13
-79 6
44 17
-48 -22
-28 -87
-82 70
42 87
-88 75
58 52
-74 98
-64 -52
12 -96
10 -33
45 -58
-95 -35
0 -65
-34 -39
92 -56
-37 83
-31 -88
-51 -11
100
70 -14
-33 50
-59 -2
-86 -76
55 -85
-89 25
-41 -67
33 -84
-46 -38
13 -97
-49 -2
-70 68
-43 13
-76 45
-99 -8
-2 -18
-23 -43
-19 -29
-55 97
17 83
17 -36
-23 -15
-93 -65
20 -17
-39 16
36 -34
38 79
78 -5
-27 -91
8 -86
-25 43
-4 18
-90 -91
-37 70
-94 -88
-76 -15
-57 79
15 -12
-47 51
75 62
-1 65
45 -24
-35 76
-36 28
9 -61
-59 93
-75 79
-49 -1
-33 -86
-45 -79
-34 -81
97 -70
8 -85
-38 80
2 -24
-55 64
95 17
42 -73
-25 -26
-7 -36
-83 -60
-28 0
-93 52
97 79
2 11
22 37
-32 -87
-18 -91
41 -13
77 -52
-39 21
54 90
27 -58
60 -47
13 74
-55 86
2 11
77 90
77 -69
-48 6
20 4
62 73
59 3
-2 2
-75 79
-46 -83
-59 -90
-93 32
-71 77
-40 -70
-73 -7
-18 -25
22 -82
-40 62
0 97
-95 -86
-18 63
-1 24
90 15
-53 -17
100
53 -15
28 -68
41 5
-32 32
-2 -46
83 91
-51 -63
-36 12
-42 -30
46 46
7 19
49 25
43 7
-76 48
-26 -2
13 17
74 -14
-32 -12
-39 -27
98 54
-22 -86
2 -10
-82 34
-62 -18
68 -32
43 3
10 -30
17 -43
55 3
9 -55
81 -87
21 -23
91 -37
71 -33
19 99
48 64
-41 -37
74 18
-19 -63
27 63
92 -36
-5 15
-23 1
78 -2
-65 -9
20 -64
81 -75
-65 35
-67 -39
67 87
-9 91
61 -67
-48 96
-61 19
32 -20
-7 49
-3 45
58 94
76 96
-6 -22
-2 50
-97 27
-55 61
-54 -6
-65 -65
-38 -70
-62 -34
56 -76
86 38
-10 6
28 84
-61 75
76 -88
-72 88
-84 -76
7 83
-60 -44
-51 -15
4 -24
50 -98
-56 -72
66 -62
42 22
56 0
51 -53
-89 -21
-2 -78
58 62
2 -90
53 -87
24 -92
80 24
-13 67
71 -65
92 -56
67 -57
-69 -5
-75 17
-74 -58
-30 -54
100
-68 33
67 -18
-38 -84
75 -51
-24 7
88 -80
53 7
-4 83
13 -76
5 23
53 90
39 -4
-29 46
79 -91
-95 14
-89 -36
-17 -24
13 -21
-47 -41
-53 28
60 35
82 -58
-64 -42
-87 -9
91 20
-98 -8
70 -19
16 78
-62 -82
-15 48
71 -21
-68 59
49 -23
-69 60
67 92
36 38
-1 -50
16 -24
36 17
62 93
-87 93
-2 -32
-50 -58
-44 -3
30 -68
-62 -71
37 39
-47 -17
-33 -18
26 23
-48 -74
69 -17
93 46
31 -94
58 81
-5 -76
23 58
-49 1
27 29
9 92
17 99
82 41
-56 85
-95 -48
97 -23
-94 75
-68 60
-74 34
78 -43
-27 -65
85 -64
-83 83
-98 71
16 -40
-83 89
82 66
94 -22
65 -4
-86 98
-33 50
-69 -11
-20 43
11 87
37 -69
-89 57
-9 -22
-22 57
84 37
-49 -69
58 -71
-88 -40
35 -9
86 61
37 -82
44 -49
-24 24
85 85
61 -31
70 -11
-9 -27
100
-26 13
16 22
50 95
90 -75
-16 -22
26 -13
-18 69
-86 -17
-88 -76
22 19
52 34
64 58
-84 12
-14 -23
-74 -23
-36 -42
60 90
40 -20
-92 -14
-92 -74
-30 15
-66 -87
34 -77
-14 67
82 -11
70 -35
26 -13
-6 3
16 82
58 61
-26 -77
-92 46
-66 -57
6 -63
76 22
40 -50
-40 20
-70 -25
62 -31
-6 93
-36 18
2 89
76 52
-60 0
-46 -97
52 -86
-22 -79
48 6
-52 -94
-88 -16
-4 2
-66 63
28 -44
22 -41
-52 86
8 56
-50 25
-90 15
60 -60
28 -74
-36 -42
-34 -43
-4 62
48 -84
-4 32
58 -29
54 -57
-52 -64
20 80
-32 16
26 -73
-10 95
-50 -5
30 -75
56 32
12 -6
30 75
94 13
-18 39
82 19
-34 47
-2 91
-48 84
90 75
8 86
-86 73
26 77
-16 -22
-28 -46
30 -45
-28 14
-82 41
-10 -55
-82 41
40 40
90 15
44 68
94 13
-28 -16
-54 -33
100
53 62
-7 38
1 22
-71 70
-87 78
-11 22
8 32
98 44
94 -92
-9 42
-65 10
19 -86
-48 -24
-43 -58
99 -54
-11 -98
-98 4
97 46
-70 -76
-63 54
47 -46
-23 -50
65 -82
-5 34
47 98
21 54
-58 -76
-33 66
50 -76
-97 -94
-5 58
-40 56
-89 -86
-7 62
-75 6
-11 94
-90 -36
-65 -38
90 60
90 -36
50 -4
51 18
-60 -72
-83 -2
6 -12
-56 88
-88 -64
4 -8
-16 -16
16 -56
17 -58
-54 -60
-86 28
-67 86
25 70
-72 24
-83 22
38 44
63 42
28 -80
-23 94
9 6
38 68
8 -88
-8 -80
-74 -20
64 16
-83 94
-85 -70
35 -94
24 48
78 36
-74 28
-35 -2
-79 86
-88 -64
49 22
-91 -10
71 74
42 -84
-52 -88
94 -92
83 2
65 38
83 -70
43 10
42 84
54 -36
-4 -88
-25 50
-25 -46
-43 38
59 98
-23 -50
65 -34
46 52
3 -30
-66 84
-28 -16
50 44
100
37 98
0 93
52 -43
-87 -36
-54 -61
71 -34
29 95
-75 60
44 -78
40 -81
68 -16
95 67
-8 -15
13 -39
26 7
45 -26
-17 -38
37 -72
67 94
-11 61
43 49
38 -45
11 72
80 9
-64 -63
64 -91
96 73
59 -49
75 -3
47 -19
-44 5
23 -92
62 -59
72 48
1 92
99 -28
28 -65
-34 -11
25 70
38 61
-14 -19
-16 -30
11 47
-84 31
2 -46
31 85
-40 26
-52 -48
-22 -86
-26 -28
-73 91
18 -54
40 65
79 -28
69 58
-81 -9
-52 -12
-40 66
-89 -21
-95 79
-85 -65
31 -24
15 -79
-47 -48
32 -24
88 12
71 -2
-50 -21
-80 25
-17 98
-3 70
-29 14
-23 -87
26 -45
50 -92
92 11
54 -68
91 42
-51 7
-98 -5
-68 36
41 67
13 81
-75 4
13 -82
60 55
-86 8
-30 -11
32 -77
97 -18
33 37
-23 79
-30 54
31 -34
42 68
-16 7
-12 22
-64 30
83 -19
5 95
100
69 19
-24 36
21 12
74 0
-33 82
20 -62
80 80
-89 -72
51 -81
31 -47
-82 -43
-86 72
-46 -18
-29 97
77 70
-61 80
-49 57
-5 -13
-44 21
68 -55
-95 -15
-77 -55
-43 -52
29 92
-71 -37
-95 -25
-49 51
25 -54
-45 -3
-88 0
58 82
-23 -67
19 -72
37 -43
-63 -5
-17 -29
58 8
6 -42
-15 -40
-17 5
18 51
-99 -85
57 -59
41 14
75 -63
97 22
91 29
41 79
-29 78
18 -91
51 -47
-12 -90
56 60
88 45
-26 -67
-70 36
55 30
-84 17
-60 -86
85 66
-67 56
75 63
-49 -51
-7 -1
77 48
-90 71
-83 -45
59 6
2 39
-59 38
-41 24
-67 74
-49 31
95 -5
30 -99
83 -95
20 -1
-59 -10
35 17
-4 87
-9 68
-65 -61
77 -99
-27 -76
80 37
89 -64
7 -68
-42 -78
-4 80
42 23
87 71
-35 -50
-91 2
-53 30
-25 -46
-83 54
-60 57
-29 70
8 -68
-90 -63
100
10 -99
8 93
74 97
56 93
7 -54
-2 39
59 37
50 90
96 -17
26 18
-73 -71
-69 28
-51 91
-90 30
53 -59
-48 -2
-65 62
85 90
52 35
-19 77
98 69
-22 55
-96 16
-27 80
-52 9
72 9
98 49
-49 80
50 93
-89 18
-10 43
-97 95
46 -84
-13 42
-32 85
-7 -71
75 -31
-29 12
36 -46
82 -21
11 35
29 67
8 76
-39 8
-87 32
69 -42
-90 -32
97 76
83 -79
89 9
-1 -86
94 34
-49 83
48 43
-2 -68
63 -16
-49 -43
36 73
-63 -18
-94 92
24 -70
-29 -45
6 54
-89 -16
-64 -96
-1 -8
27 -99
67 73
-9 -82
9 -78
-66 47
78 83
-18 31
62 49
66 56
-98 -90
-71 74
-69 -49
74 58
-6 52
45 56
-51 -67
36 -56
68 14
-84 42
-17 63
-9 14
-31 57
76 83
-93 -42
83 -97
49 -79
21 19
-11 -68
-86 -49
77 -95
10 -63
0 -85
-86 54
37 -83
100
-79 -39
19 51
-7 33
-19 -27
88 -48
-66 6
6 78
74 18
-96 -72
32 -72
56 96
-85 3
-64 48
-99 -51
-48 0
-82 6
94 78
58 90
98 -78
-95 -15
94 -90
18 -78
81 -15
-10 -66
91 3
-18 -18
87 87
85 21
-15 9
79 -57
-31 -87
85 -51
-72 48
-59 21
-40 96
-10 -18
71 -9
54 30
-66 78
-1 -33
-39 -39
-6 -78
-11 21
-11 -51
-70 -6
12 -36
-84 -36
12 84
-18 -18
-37 -21
-42 78
-25 87
7 63
-68 -60
32 96
60 -60
-65 15
-54 42
71 -57
-66 -90
-93 -21
-99 -51
72 72
-7 -87
-15 -87
-34 6
-95 -39
51 99
-61 51
36 -84
58 90
-95 9
-48 -48
64 -72
-12 -84
-30 -30
-83 -27
58 -30
51 -93
-50 6
-35 -51
-49 -33
-68 84
-6 18
9 -15
28 -60
63 39
5 -3
16 0
49 9
-69 -45
59 75
52 84
-66 -42
-81 15
91 3
97 -39
-54 90
21 45
42 66
100
-98 -34
-49 25
-98 -76
-98 50
0 0
0 -42
0 -42
0 -84
98 34
-98 50
49 -67
-98 8
-98 92
-49 25
-98 -34
-98 50
0 -84
49 17
-98 -76
-49 25
-98 92
49 17
-49 -17
0 84
49 59
49 59
0 84
0 42
49 59
98 34
-49 25
49 -25
49 -25
0 -42
49 17
98 -8
-49 25
98 -50
-98 50
98 -92
-98 -76
0 0
-98 8
0 -84
98 -8
0 -42
-49 67
98 -92
-98 50
98 76
0 42
49 59
49 -25
-98 -76
98 -8
49 -25
-49 25
-49 67
98 -92
-49 67
98 -50
-98 8
-98 -34
-49 25
49 59
-49 67
98 76
0 -84
98 34
0 -84
-98 8
-49 67
-98 50
-98 -34
0 0
0 84
49 59
49 17
-98 -76
98 76
0 -84
98 -50
-98 -76
-49 67
-98 -76
-98 -76
0 42
-49 25
98 76
-49 25
0 42
-49 -17
-49 25
98 -8
98 -8
0 -42
98 -8
0 42
0 84
98 -8
100
29 11
71 -66
18 -75
84 30
4 -48
-8 -56
-15 -3
73 -13
56 -54
-53 -19
93 -37
-93 -91
-52 -47
68 51
75 -2
-13 49
-25 24
28 -34
49 11
58 96
-27 -95
27 91
75 30
-90 54
-75 93
96 64
-79 39
-23 91
-16 -32
-85 65
44 83
66 -57
-82 -35
-66 59
-13 37
-6 85
-50 34
21 -2
-22 33
-76 67
27 -54
11 -19
-44 -47
31 3
92 62
-29 -17
-3 -18
76 30
-28 -22
-22 -56
-41 26
82 -67
75 13
9 16
-64 -6
-62 -80
-94 -22
-53 -18
-70 -66
-98 -27
-11 -8
88 30
-72 39
27 -50
5 -28
-19 91
-2 -82
93 60
-59 -20
-44 -60
-5 -80
54 94
53 33
-15 60
76 -70
-4 18
41 -23
43 71
34 18
10 -70
35 21
-10 -86
42 -35
-25 -17
-7 -63
-47 4
5 30
53 67
-83 -82
39 -53
-67 2
-97 50
73 -96
-56 10
-82 99
-5 -9
36 -34
79 -35
-71 -61
52 -94
100
20 85
18 -38
-8 -99
93 5
48 -83
-59 -70
-16 68
-40 -75
22 -6
-19 76
28 -57
-65 12
-44 -63
0 -74
31 -77
-96 -36
-93 99
89 -32
7 51
-61 34
-21 -18
43 6
-14 -37
28 56
41 8
31 -41
35 -14
9 -69
-52 64
-98 -74
-8 21
-81 -31
87 2
78 -85
-87 -34
-42 -92
29 96
87 41
28 -85
61 -18
91 79
79 -26
19 -87
92 58
17 -77
-18 56
-4 77
34 34
-32 -9
46 87
1 81
8 97
21 -42
22 -42
10 -3
94 51
-9 77
-61 -40
60 -95
-30 98
-48 26
91 -49
81 58
-38 90
80 -95
57 -16
42 24
-96 37
8 -1
-97 -1
10 -28
14 77
87 -92
25 -23
-79 -66
-19 -80
-32 31
-13 -42
65 21
65 -63
85 22
-21 -80
86 13
9 -71
70 -2
83 -81
82 92
-39 -59
55 -78
-42 95
36 -35
16 -45
-91 -65
-75 -59
-58 -83
-38 35
-28 60
84 24
58 55
42 -62
100
62 -96
88 0
-6 96
-79 48
25 48
50 96
97 48
-46 96
-22 96
22 -96
9 48
-82 -96
-56 0
-66 -96
-30 96
54 -96
0 0
-73 -48
49 48
58 96
9 48
-7 48
82 96
-10 -96
-24 0
-2 -96
-72 0
-40 0
22 -96
-42 -96
-32 0
49 48
-47 48
2 96
-71 48
-97 -48
58 96
8 0
0 0
15 -48
-87 48
-78 96
-48 0
-81 -48
-41 -48
-64 0
32 0
0 0
-95 48
34 96
-26 -96
14 -96
63 -48
42 96
-18 -96
-54 96
8 0
-39 48
57 48
56 0
-56 0
62 -96
-65 -48
-63 48
-50 -96
-50 -96
-81 -48
-16 0
62 -96
-89 -48
1 48
-79 48
-89 -48
-65 -48
33 48
-73 -48
-2 -96
-66 -96
98 96
78 -96
90 96
62 -96
-26 -96
-31 48
64 0
-1 -48
-18 -96
10 96
-81 -48
-14 96
-2 -96
-72 0
-57 -48
18 96
90 96
49 48
-1 -48
-63 48
-86 96
-31 48
100
-37 69
7 -63
-11 33
-49 56
5 -1
-29 52
-7 63
-91 -28
-93 -43
34 24
84 91
-33 22
-92 80
9 29
51 -41
-84 63
-35 84
11 -33
-94 -89
80 -16
35 70
-8 94
-57 -81
-53 -51
-69 -94
42 -70
83 -32
-53 -51
50 67
38 -23
-21 35
21 42
-51 -36
20 -4
-95 96
-37 -85
-60 89
2 15
25 -5
-91 49
81 30
80 61
31 40
29 -52
-44 -99
69 94
70 -14
-90 95
44 -55
-89 -13
-52 -82
-45 86
-64 -18
60 -12
68 48
55 66
46 37
40 69
0 77
-44 -99
6 45
-52 -82
-15 3
67 2
18 -96
-18 96
-79 62
-11 33
-94 65
21 -35
34 24
-22 -11
75 62
-78 31
95 -19
3 61
83 45
-30 83
-28 98
43 -24
27 10
2 15
27 87
-69 60
44 22
-86 -29
-37 -85
-55 11
-7 -91
35 -7
-68 -48
-56 42
-71 45
-63 28
-14 49
93 -34
-81 47
13 -95
-87 79
90 59
100
-9 60
74 40
92 -80
54 -40
18 40
60 80
35 -20
50 40
-10 -40
76 -80
25 -60
-60 -80
74 40
-17 60
87 60
-78 40
-57 60
-4 -80
-43 20
84 -80
-68 80
21 20
40 0
-7 -60
-20 -80
58 40
29 20
-15 -60
-28 80
16 0
-92 80
43 -20
-86 40
79 60
-14 40
-19 20
17 -60
-46 40
95 60
-88 0
-3 20
16 0
48 0
19 -20
22 -40
-61 -20
-87 -60
-57 60
-24 0
-4 -80
-76 80
-92 80
52 80
-25 60
17 -60
55 60
-53 -20
-24 0
19 -20
-12 80
-4 -80
-94 40
87 60
23 60
-54 40
49 -60
-91 20
21 20
9 -60
74 40
95 60
-91 20
-55 -60
16 0
-92 80
-2 -40
-84 -80
-37 -20
75 -20
75 -20
-32 0
-57 60
-99 20
73 -60
68 -80
55 60
17 -60
-27 20
62 -40
-28 -80
-68 -80
71 60
87 60
37 20
-8 0
-67 20
-5 -20
-60 -80
59 -20
17 -60
100
-92 98
94 -41
-12 18
92 2
58 -27
-64 96
-68 2
22 7
88 -12
58 -67
-4 6
4 34
12 2
-18 -33
12 22
-26 -1
76 -14
-20 -30
14 -21
0 0
-18 -73
-20 50
66 81
40 0
-58 -53
12 -98
52 -58
46 71
-14 61
-58 47
94 39
-10 35
-12 38
52 82
-44 -54
94 -1
-64 -4
-94 -99
-66 39
-70 -35
-4 86
-34 71
-98 -93
20 -30
-40 0
-54 -79
-34 51
-66 19
-86 -51
4 -86
-78 57
88 -52
20 50
0 40
62 87
-50 95
2 37
4 14
4 74
6 -9
30 -85
64 -76
64 -76
88 -72
6 71
-46 -31
-84 26
-70 -55
22 7
-26 59
98 -67
82 77
-36 74
-62 -67
-46 69
-26 -61
36 6
48 68
-68 42
92 42
24 -16
-26 -81
-52 -62
-76 74
-86 -71
24 -56
-82 43
-86 -51
-82 43
-80 60
-14 61
-2 -17
-44 -54
62 -93
-40 0
72 -88
72 52
14 -81
-48 -68
56 -44
100
26 23
-94 47
20 -88
-94 17
24 -78
94 31
4 76
54 57
62 53
54 -51
44 -76
84 78
-14 61
86 -19
66 -63
-6 -87
80 -70
42 87
-54 81
-92 34
70 -77
34 91
-66 69
-28 80
76 22
-70 95
92 -16
-56 -68
-62 79
68 74
-28 8
0 18
-44 70
-42 -93
76 -26
-64 -88
48 -54
66 -57
-30 87
-88 -52
38 -31
-58 -43
-40 -16
10 7
-70 -43
84 -84
-32 76
-58 17
88 -8
-52 26
40 22
68 62
84 18
-32 52
86 -37
-90 -39
74 89
-50 -95
-46 53
36 -78
52 -32
76 -14
-28 44
8 -82
4 94
-54 3
-44 82
66 45
-14 91
32 44
-84 -96
-84 -30
92 -10
18 -21
46 -53
-42 -99
-24 42
24 -36
32 -10
70 79
2 -61
-50 -59
-74 85
40 16
-74 -83
32 -16
40 -38
32 -76
-42 27
-30 -63
-64 -52
-88 -28
28 -68
14 53
-98 73
-14 73
80 2
-4 -58
10 -11
-72 0
100
90 47
0 -54
-90 70
-90 -20
0 63
90 -25
90 74
-90 70
-90 -56
0 -9
0 9
-90 -56
0 -99
0 -72
0 45
0 45
90 11
-90 -56
-90 -11
-90 61
0 27
90 65
-90 70
-90 88
0 63
0 -27
90 -97
90 -7
90 -97
-90 -65
0 -18
-90 -56
0 0
-90 -74
0 -45
0 54
90 -25
-90 -74
-90 -65
-90 61
90 38
90 -61
-90 61
90 -79
-90 -65
0 63
-90 -47
0 81
-90 97
0 -63
-90 43
-90 -11
-90 79
-90 -2
90 20
-90 25
-90 88
-90 34
90 47
0 27
0 81
0 -54
90 -97
0 -99
-90 -47
0 72
0 -81
0 -36
90 47
-90 97
90 74
90 56
90 29
0 -36
-90 -74
0 -90
-90 7
90 29
-90 7
-90 -11
90 47
-90 -83
-90 -74
90 -88
-90 7
0 -99
0 -72
-90 -20
0 9
0 -27
0 9
90 -61
90 2
0 45
90 65
90 38
90 -52
90 -79
90 -97
0 90
100
83 -95
-82 -70
68 -20
52 70
72 -30
56 -40
-29 -65
-12 80
13 5
17 -5
16 -90
91 35
38 -70
50 50
19 65
-89 -15
-6 40
-53 95
-70 -50
-63 -5
45 -25
61 35
38 80
15 -25
-95 75
-61 65
73 55
91 -15
-86 -10
84 -60
60 0
-92 -20
-9 -15
-88 70
-27 -95
98 -70
72 -30
-51 15
-48 -30
95 75
77 95
37 45
-4 60
-91 -85
-12 80
69 65
98 -20
15 -25
-55 -75
-18 20
88 -70
-4 -40
76 10
-62 80
22 -80
23 -45
-71 65
-37 55
1 85
76 10
90 0
-21 -85
54 90
45 -25
79 15
-99 35
83 55
48 80
-67 -45
-6 90
-38 20
-44 -40
-62 -70
-89 -65
-98 -30
29 15
15 75
36 60
-28 70
78 30
-32 -20
36 -40
56 60
61 35
-1 65
-15 -25
42 -30
-92 80
27 45
69 -35
-37 -95
48 80
18 80
-57 55
20 -50
58 80
-84 10
6 60
74 90
83 -45
100
30 64
75 7
-60 -23
75 -8
-30 -88
-15 -47
15 95
-15 -68
60 53
-90 21
-90 -90
0 6
90 3
30 -32
60 -4
75 43
45 36
75 19
15 -46
30 7
15 77
-75 -13
-45 -93
-60 -47
-30 -52
-60 -41
-30 14
45 -48
-90 -30
-45 -72
45 84
45 -75
60 -34
60 -16
45 24
-75 26
90 -48
-60 -59
90 -96
0 -66
30 73
-75 68
15 83
-30 -7
-75 -22
-60 43
15 -85
15 11
15 -43
-75 -70
45 -42
0 81
-45 12
90 30
45 -69
0 75
-45 3
-15 -80
15 -85
75 94
-30 32
75 -62
90 30
-15 85
30 16
15 50
-15 88
-60 -98
60 71
30 -59
90 30
45 0
-90 -3
90 36
-75 -25
75 7
-45 0
30 34
-90 -42
-15 -8
-15 91
-60 -53
-75 -43
60 -55
45 84
15 -10
90 3
60 98
-30 44
-45 -66
-45 -21
-45 -54
-30 -91
-45 -63
0 63
0 -96
60 -28
45 78
-30 41
45 0
100
-55 34
35 97
27 55
-43 62
36 67
65 4
88 -75
-24 48
-29 -79
77 67
80 -37
31 -6
-76 -60
69 76
-62 -49
-25 -27
78 -94
93 -3
24 37
-25 -71
-71 -34
98 -3
97 -51
-40 -62
-2 31
92 49
86 69
-10 37
-31 22
11 83
70 -29
-69 12
27 -11
-94 -92
86 9
45 -55
21 94
34 90
-60 -9
99 -66
22 50
76 8
25 93
-29 -35
-86 24
50 48
-34 48
-18 -48
-19 7
-53 -17
65 -9
-61 -62
-85 39
81 99
-35 -26
82 59
33 -93
-54 94
-76 -63
-43 71
-86 91
-17 -66
-98 -60
-17 35
30 -7
72 70
60 67
-48 -27
15 1
-74 29
75 -14
27 78
-73 42
-8 -52
60 -34
60 93
-75 -16
85 88
-93 -33
15 46
-29 99
-86 -95
27 -11
-87 -43
-67 -1
-69 75
-74 81
80 94
96 18
87 -99
-34 14
-78 7
-93 77
-90 55
-38 16
-11 -89
-97 -6
81 -87
-25 -28
-26 37
100
-73 80
43 -8
-34 8
15 -24
58 88
-36 -96
10 -8
-86 40
44 32
61 40
-99 96
41 -64
-64 32
2 -88
-41 -56
-2 40
-65 16
59 -88
-76 32
40 88
-37 -16
-93 72
-18 0
-3 72
-59 -80
16 88
-53 64
-1 32
99 48
-94 -40
-97 80
-64 8
-33 -96
-74 -8
80 -40
-57 48
35 -88
-55 -40
16 -32
29 32
-8 64
46 -80
-87 24
85 -8
61 -80
-67 32
-5 -8
-55 32
-59 -8
-8 -56
2 -64
23 80
-78 -48
-62 40
-12 24
33 48
-41 -56
68 32
5 -64
16 -80
88 88
-52 8
-15 -72
92 -64
69 -48
66 96
52 88
35 -64
22 40
49 -8
-86 40
65 32
63 0
81 -48
45 -24
34 -56
-17 64
28 -8
-2 16
9 24
-80 -32
-28 -88
-14 -8
-48 24
-44 88
-29 40
10 -56
-75 72
45 72
-48 24
-46 -64
41 -64
-80 -8
-70 -64
-52 56
45 0
12 -24
-64 80
-79 56
-52 8
100
28 -42
88 -30
-61 72
-15 81
82 -73
-8 58
-90 -4
-58 60
1 54
-25 -77
83 20
-78 -94
11 88
84 -59
32 28
78 77
74 -14
-31 98
38 -30
56 -96
-32 65
60 -72
-29 47
-65 99
59 -66
-19 -96
79 68
-16 -52
10 -39
-52 -93
93 -36
34 -63
-21 -66
2 -60
40 54
52 65
-52 54
46 -76
-30 99
-59 14
-45 -84
89 -65
-2 92
-58 -30
36 33
-84 -75
58 23
53 -82
93 -60
-48 84
-34 11
63 0
58 40
-38 89
-4 -14
-11 -73
-22 34
-59 -12
-25 -56
-63 60
14 99
28 -29
81 -40
-31 -47
-50 32
34 -13
-35 -37
-15 -46
11 -38
-24 33
-32 76
12 76
0 12
27 -98
72 -82
-84 -75
-54 -59
78 -12
-53 63
-85 86
56 -69
-83 -32
-84 73
-86 -10
-3 -51
7 -69
35 83
45 17
69 64
93 -23
83 -51
26 84
-90 -66
15 81
65 -32
-72 83
99 44
-76 13
24 -50
-48 -11
100
-71 -79
-28 59
29 20
10 94
-60 -15
-71 13
23 75
64 42
-65 -74
77 46
-52 20
-55 71
29 -26
24 37
1 42
22 -14
-33 -90
-18 -1
4 70
27 98
18 -39
56 -74
59 50
47 22
92 -41
50 11
21 90
35 5
62 -31
-21 21
-29 62
34 47
-99 -31
97 35
-83 69
-97 -37
32 3
41 -55
95 -22
-30 19
92 -15
79 -81
91 4
-7 -74
-96 -19
77 30
-30 -26
23 -4
63 -64
-22 43
15 35
-3 64
-58 77
-10 -34
92 40
27 -29
94 -26
89 -38
11 -14
15 5
89 58
39 30
-88 -81
-28 -86
-60 12
-88 38
50 99
48 68
-43 17
-67 -72
14 37
88 4
10 61
32 78
-67 -24
81 -94
6 -84
-89 30
-87 52
-61 72
-32 -33
15 -24
78 -89
-26 -65
-58 -81
32 9
30 -17
-98 36
-94 -52
88 -57
-88 30
-53 -19
95 -67
66 79
91 -51
62 -62
-59 -66
32 -47
55 33
68 -88
100
-23 30
-89 -91
95 -22
-1 -99
66 -27
-91 -78
-56 74
52 -45
10 66
-27 -4
-42 -39
3 11
-64 6
42 -54
3 -62
-52 -77
-17 48
29 59
-27 -73
60 -48
2 -74
-15 -63
-14 -78
22 94
-28 -76
80 -3
-81 -11
52 65
-73 -85
5 44
31 42
-38 -52
-4 -33
-35 96
-82 -27
16 98
-40 -99
-93 77
-37 -54
6 -73
-89 19
-55 -28
-81 55
-60 -72
32 -4
9 39
-19 -53
-64 -21
89 -75
96 98
-9 -2
-57 -94
34 -66
-58 64
-57 64
58 95
-85 -34
96 -44
6 -13
69 -7
-90 -91
25 -42
58 61
-1 43
64 -96
8 -42
-68 71
71 -99
-56 7
63 -69
-28 82
85 -92
-1 15
71 -2
-89 0
-1 24
45 53
-73 -59
50 88
-65 29
50 -72
87 -17
-43 56
-14 -20
38 39
-55 27
73 97
45 -62
-93 60
8 -33
38 -98
39 -52
-49 -31
90 47
-80 20
-20 94
-95 58
-77 96
-36 5
24 4
100
52 97
-61 39
-71 -51
-58 -18
-32 -92
-80 15
-48 37
-64 61
10 -15
53 78
11 71
90 40
2 -38
31 -99
-61 4
7 -28
77 77
23 18
92 2
-72 73
-57 -72
97 47
11 1
88 43
25 -90
63 63
-94 -34
39 -6
-87 -62
36 51
-28 -63
43 -12
-19 -24
-95 -50
-88 -43
86 11
-66 -6
-83 -33
-5 60
-98 7
-64 -79
-1 89
78 93
-99 26
-38 57
36 16
-24 71
-57 -2
-86 59
-37 -67
52 27
-62 23
10 55
81 1
-47 -87
50 -40
-94 1
38 13
-28 -98
35 -70
-28 7
-97 -12
-1 -86
-49 21
-51 24
32 -83
87 -8
-93 -18
-93 -53
-1 -51
-21 49
93 -17
68 -67
-75 -80
1 -19
-59 1
-82 88
52 62
-11 -71
19 24
23 -52
-45 -55
-68 32
-47 -52
66 -64
-27 23
12 -18
69 -51
-63 7
-41 -26
19 59
8 -82
-20 -5
69 -86
70 0
58 88
52 27
68 3
-73 -83
-82 -87
100
42 31
-74 -63
-90 -79
54 65
-86 79
66 99
8 -36
44 66
-76 -98
50 -5
56 12
66 11
-34 21
-24 20
-50 5
94 61
-20 90
62 29
-8 -52
90 -97
-26 -15
8 52
-88 -44
26 -73
-90 97
96 96
-98 -43
40 84
-40 92
-28 38
14 69
20 -2
58 47
94 -27
-96 -8
30 -91
-48 -48
-34 -67
2 35
-6 71
-66 -99
-44 -66
70 -7
-44 22
0 88
62 29
-30 91
16 -72
-14 -69
30 85
92 26
18 -37
32 32
16 16
44 66
-92 -26
-30 3
-24 -68
46 -75
-30 3
-98 45
-8 -52
-50 93
-8 -52
-68 -46
-64 24
-22 55
92 -62
94 -27
24 -20
-44 22
30 -3
14 -19
86 9
-40 4
60 82
-50 -83
70 -95
-88 44
56 12
-20 2
60 -94
90 79
8 52
18 51
-26 73
90 79
66 99
72 -60
96 -80
32 -56
-10 -87
-46 75
24 -20
82 -61
-50 -83
0 0
96 8
-70 95
-40 4
100
30 52
-93 -67
-75 92
9 -54
-51 -98
-60 -44
0 -63
-54 99
-21 -67
93 4
66 -2
-12 32
-60 -35
-78 -71
84 4
-81 -87
-54 45
-60 22
-6 -44
-57 -64
39 -26
75 -44
-96 -47
-12 -43
-60 46
84 -14
36 -48
-60 -98
12 -80
81 87
84 -77
33 -67
-3 -43
24 98
-45 -63
18 -48
-78 22
-21 -88
-72 72
-57 11
66 13
27 96
39 55
-99 -48
-72 -72
0 -84
-75 -40
90 12
-21 -67
-99 30
45 69
9 84
63 -57
15 14
90 -6
51 95
3 -89
78 71
15 -76
-81 99
3 31
27 -39
15 -49
21 49
-48 -1
84 -71
45 -63
-36 -15
-33 49
-81 -27
90 -9
54 -39
-21 -40
90 78
-75 -58
99 -18
9 21
30 49
93 25
-33 -50
48 -41
-39 26
-6 -47
48 22
-81 -90
-87 34
24 71
69 -46
-45 48
72 -78
9 -6
-57 -1
69 -7
-30 38
-45 -54
-75 -1
-36 42
63 -72
-78 70
-96 -86
100
-83 -74
-22 -76
77 46
-39 -42
9 -98
-45 50
-35 -90
-92 -96
13 -66
27 -54
-82 84
-32 64
92 96
89 -58
99 -78
27 -54
1 38
51 58
66 -52
94 -28
88 -16
47 66
35 -70
-89 18
-27 -26
-50 20
79 42
41 -42
-21 2
-27 14
13 14
39 -78
-10 20
16 48
-36 72
-55 30
-76 -48
62 76
-56 -8
35 10
70 20
-20 -40
-95 70
-63 -34
35 90
-44 8
-98 -4
-45 10
17 86
-27 54
-84 88
-66 -68
80 -40
-99 -2
90 -20
90 -20
90 -60
6 28
-63 6
-7 14
-60 -80
-57 -86
93 -66
59 82
16 -32
5 -10
45 30
-62 -76
-76 32
68 -16
-52 -96
26 -52
18 44
73 -26
-74 -12
-70 -60
42 -4
-72 -56
45 -10
50 20
5 70
-58 76
-83 46
-70 -60
6 28
53 14
10 -20
-33 26
-78 -4
16 88
-64 -32
9 -58
54 52
-90 60
-47 54
27 66
-54 -52
-39 38
-27 94
-57 74
100
-65 -36
41 9
-85 90
17 -18
-41 -9
17 -18
85 -90
44 -99
-44 99
17 -18
-89 -63
24 27
10 -63
-14 -90
-65 -36
-41 -9
-65 -36
-7 -45
27 -81
48 54
-72 -81
65 36
-7 -45
0 0
17 -18
99 0
-85 90
-17 18
68 -72
0 0
27 -81
-55 -99
72 81
10 -63
-82 -18
92 -45
-27 81
-17 18
-51 54
85 -90
-17 18
-75 27
75 -27
-27 81
-99 0
-14 -90
44 -99
-89 -63
-99 0
-55 -99
-92 45
-27 81
82 18
65 36
10 -63
-27 81
-48 -54
-65 -36
92 -45
-75 27
17 -18
44 -99
0 0
-24 -27
-68 72
-89 -63
99 0
14 90
-44 99
-41 -9
-65 -36
-34 36
-44 99
17 -18
27 -81
-31 -72
65 36
0 0
-17 18
72 81
-65 -36
89 63
-51 54
65 36
-44 99
65 36
31 72
-68 72
85 -90
89 63
89 63
89 63
-31 -72
14 90
82 18
99 0
99 0
48 54
-75 27
-58 9
