10
10
-7 5
-4 -2
-12 10
12 -4
6 10
6 -6
-1 -7
8 14
-10 -10
0 -14
12
4 8
6 2
-9 5
3 13
4 14
-7 5
-6 -12
8 0
5 -5
-14 6
14 8
7 -9
10
3 11
-12 4
1 13
-7 -9
2 0
-6 -10
3 7
-11 9
9 -3
-5 9
14
-13 -13
-9 5
-8 2
-7 -4
10 -5
-5 5
6 12
-5 -1
-6 8
7 2
6 -3
1 3
11 5
-11 -1
12
1 5
-12 12
10 5
12 -6
6 7
0 5
-10 -8
13 -4
-11 14
-6 -13
-12 11
2 6
10
-6 12
1 -5
-2 12
-4 -4
0 -12
10 8
11 -3
3 -11
4 12
1 -5
12
6 14
4 6
1 -12
7 -10
-8 11
6 -2
14 -10
-13 -9
-14 -4
-3 -4
-12 -1
0 -1
13
-7 -4
11 -4
-8 8
14 0
9 12
14 8
-12 8
11 12
-5 4
-4 0
0 0
14 -8
11 -12
12
-1 -3
0 6
-13 3
12 6
9 -7
-2 -4
4 -2
9 -1
1 3
-6 -8
-3 7
5 -9
14
11 -1
0 11
5 -2
2 -10
14 -1
-10 -5
3 9
0 -11
-1 -10
-5 5
9 10
-10 -9
7 -6
-5 -7
