20
15
7 -7
-13 -5
-1 -17
13 -17
-8 16
-5 11
13 9
-7 -1
-9 -1
15 13
-14 0
-19 11
8 2
-11 7
4 18
21
-8 -16
3 18
-8 -16
12 12
12 12
-14 -16
2 4
-17 2
7 2
11 -2
-8 8
-19 -14
-3 -18
10 8
-6 0
6 12
19 -10
-1 -2
9 6
-1 -14
-1 -14
18
-13 -13
15 12
6 0
16 1
15 9
-8 4
-15 -6
-6 -3
-16 -4
-10 -4
1 1
-3 18
0 3
-5 -5
19 -5
8 14
6 -9
12 -15
21
0 1
-16 17
-7 18
-9 11
14 -3
0 -8
9 -6
-3 -3
18 -5
3 8
-1 -13
-7 -3
-1 -6
-1 -17
-12 19
2 -2
15 13
4 -3
-8 13
3 -9
6 15
17
13 14
-6 12
0 0
3 10
17 -2
2 4
-13 -14
19 -14
13 -10
-18 8
1 -2
-3 -10
3 -6
7 14
12 16
1 10
11 -2
18
15 -1
-14 17
5 4
-16 -2
-18 8
-14 -12
-16 -6
5 -2
3 -8
8 -3
-16 8
18 -11
12 -3
8 19
-3 -18
9 -15
4 4
15 4
22
5 14
-9 -9
-17 -5
-19 -7
15 -13
-17 14
-5 -13
-9 -1
16 -3
-14 -15
5 -8
-4 3
14 13
-13 9
10 7
-13 -6
-8 17
-3 -11
-10 -18
14 13
-19 -12
1 -8
21
11 -12
11 -12
-16 6
9 -18
14 -12
2 -12
-18 -18
17 -12
-12 18
16 12
15 18
5 -12
-12 18
5 6
-17 12
-19 -12
1 -6
-15 18
6 18
-15 18
2 6
22
-11 5
-8 16
-12 4
-4 12
-8 14
-4 -16
16 -14
-12 14
7 -1
16 0
14 -8
-17 -9
-13 -9
17 -1
14 6
-15 7
-12 -14
-5 -19
13 -3
-10 -2
-7 17
-11 -15
18
12 -18
0 12
8 3
2 -15
12 -6
-10 0
-16 -15
12 9
-12 -12
14 0
2 12
12 3
0 -3
-14 6
10 3
0 15
-8 -6
10 -3
18
-13 -9
-18 -4
-16 4
3 -13
-5 -13
-6 14
2 8
7 -17
-1 -13
1 -1
-19 15
-10 -8
-11 -1
-4 -10
-11 -7
14 -4
16 12
-1 9
19
-1 -4
-7 3
-13 -18
-4 3
-7 15
-13 0
15 11
-15 19
14 -14
7 -1
10 5
-16 -2
-16 -7
1 -18
15 18
4 4
7 -6
-11 6
12 10
16
-8 -13
-10 18
1 5
-13 17
12 16
-3 -1
15 1
-7 7
9 5
-1 10
14 -11
2 9
-2 -17
-10 3
-13 10
7 4
22
-4 7
-2 1
-14 -6
-2 1
19 7
-15 -11
19 16
8 -14
-18 -7
8 9
9 9
14 7
-6 -13
11 8
-4 10
-15 -10
-11 -6
-4 14
3 12
-12 10
-8 16
-11 -7
19
-5 -2
1 -12
-17 7
-9 -4
-16 -19
-17 12
-17 7
-14 12
-14 8
-9 8
-2 -18
10 10
1 19
17 5
12 17
2 8
8 -6
-7 16
18 -15
16
-1 4
-4 1
-5 -12
-19 17
-2 -11
-14 3
-16 -3
12 -3
-15 -5
15 15
-3 1
-16 -10
-7 14
8 -17
14 -13
-16 17
19
16 -9
19 -9
6 0
5 -18
0 0
11 -18
4 18
5 -18
-13 -18
15 0
11 9
4 18
11 -18
-15 0
-18 0
4 18
17 -18
-11 -9
-13 -18
15
-6 11
19 -4
-5 -16
-17 19
17 -19
3 -1
-19 -5
12 0
0 6
9 11
-14 -16
6 16
-7 10
13 0
7 -2
24
12 3
14 5
9 -3
-6 -5
-6 9
8 -16
3 -18
19 -5
8 -3
11 -7
-18 10
7 2
-18 -8
1 15
1 -1
-3 17
-2 -15
-18 15
3 -3
6 -17
-19 -3
12 -17
-16 15
12 -6
20
14 6
10 9
-12 15
12 -9
14 -15
0 6
18 18
2 3
-10 9
-18 0
12 3
14 -15
18 6
4 18
-16 12
2 -6
16 -6
-12 12
-6 0
6 -18
