10
80
17 -18
34 -44
38 32
21 6
-29 18
18 -16
25 -30
13 -22
37 -34
-22 4
46 -32
-32 8
24 24
29 30
-6 24
-36 -40
33 -18
17 -42
-22 20
20 -40
-6 40
-15 -14
-1 -42
35 26
39 -10
-29 30
-40 24
-35 -26
-6 48
19 6
37 -14
28 -4
-20 20
-18 36
49 -34
-39 30
45 -38
48 0
28 -48
-13 -18
-42 28
39 42
-12 -8
1 46
49 -26
19 26
30 -4
-28 8
38 -44
22 48
16 32
31 6
-3 -6
-35 30
-10 0
20 28
-25 -46
-15 38
-4 4
-2 -36
-34 -32
-46 40
19 -42
16 -48
12 8
18 24
49 -14
-27 -30
0 8
32 -40
20 36
15 -22
36 -32
-41 46
-1 2
22 -16
47 -14
-2 -32
-24 12
32 36
84
-23 40
-26 -2
-15 30
-25 5
42 -6
21 6
-46 23
28 -44
-11 -47
-16 -34
-39 -12
34 -26
-44 -23
3 30
17 17
-40 35
28 -5
39 -3
-36 42
12 9
-41 -5
-46 20
-36 -30
12 -6
7 -20
-7 -46
24 -39
27 -18
-42 -12
-24 -3
-34 -37
-11 7
-33 24
36 33
28 -32
23 -25
-24 39
8 -10
-41 49
1 46
-22 -10
5 -34
11 14
-24 -30
48 45
31 -35
10 1
28 -41
18 39
31 -41
-16 17
-7 14
-23 7
22 -29
3 -6
46 25
31 -8
32 -40
-44 13
20 38
31 -44
-47 43
48 -21
-43 -43
47 -13
4 -23
-2 25
-31 26
-17 -26
-29 -26
-41 16
-20 43
-2 -11
-17 -38
-26 -35
-36 21
39 6
-44 -17
13 49
-43 8
45 -42
30 9
25 40
-33 -6
90
-24 37
-6 -11
18 -42
-45 -45
-41 0
43 -31
-44 17
44 -47
-42 -38
-41 -26
16 4
17 14
-15 -13
43 -6
-6 26
23 -15
8 43
39 -8
-3 -23
-20 -8
-4 2
43 45
19 -23
-17 18
-36 -28
-28 -8
13 -43
-21 48
25 -35
-15 39
-28 48
-13 3
-46 -10
-37 -35
17 36
-11 -49
45 -17
47 -6
-8 12
-38 5
-9 -38
30 -40
-40 -15
-26 -4
-41 21
-1 44
11 2
39 28
-31 45
46 2
-23 17
23 21
-7 -31
29 -37
46 -19
5 28
48 -44
-15 15
-8 -37
1 32
-2 12
3 -22
-2 10
37 34
-39 37
-40 39
1 33
-14 14
30 -4
-2 -7
34 21
-47 -29
-6 32
-25 45
-26 -6
20 -46
-41 1
-47 5
-4 -20
-48 -32
-11 48
-38 -40
42 30
47 -41
47 7
5 24
-17 -41
-41 -13
36 30
28 -21
89
-42 -39
0 -8
-22 -13
38 7
-10 3
4 -18
-8 -14
-48 -30
-38 15
-20 -38
-32 -16
28 2
0 2
-24 -12
-44 -4
-40 -8
14 17
32 18
48 48
-16 10
-30 -37
22 -9
-42 33
6 -11
-38 -31
-28 -36
-12 -40
42 -47
-24 36
8 -10
38 19
4 40
-18 47
10 -41
-8 36
6 15
-22 -45
40 -36
-28 16
12 30
-42 -23
-4 12
-32 -22
44 -4
-38 17
-24 -32
14 -21
46 39
42 -23
-14 47
32 -16
2 49
30 -1
24 -26
30 23
0 -4
-44 28
-26 29
42 -13
-14 -47
16 20
28 -30
22 29
-46 -3
-6 25
-22 35
38 17
24 4
0 -32
-4 -18
32 -14
22 31
-16 30
-42 -17
-48 38
-34 -45
-10 7
24 14
-28 16
2 13
30 41
-18 19
24 12
-32 26
-36 -14
-4 4
22 23
-38 -25
-10 35
91
-19 40
-31 -8
-40 -32
-46 16
-30 -48
-11 8
42 48
18 48
31 8
29 40
13 8
-23 8
-41 -40
15 24
-12 48
-43 -8
36 48
-42 -48
-5 8
-12 0
42 -48
-10 -32
43 8
-36 48
-27 -24
29 40
-13 -8
49 8
16 -16
-35 -40
35 40
-49 40
-41 8
-43 -8
-39 -24
-32 -16
36 48
10 -16
-28 16
-18 48
-3 24
-19 40
28 32
3 24
-31 -8
12 -48
-46 16
16 32
-34 -32
-49 40
-5 8
35 40
-26 32
21 24
-36 -48
-10 -32
-12 0
-3 -24
-29 -40
-1 40
-37 40
12 48
18 48
45 -24
24 48
30 0
-46 -32
18 48
3 -24
14 16
-39 -24
-38 32
28 32
-16 16
-5 -40
22 -16
-20 -16
46 32
-17 8
28 -16
30 -48
20 16
-46 16
38 -32
13 8
-3 24
34 -16
-10 16
27 24
4 32
-21 24
98
2 24
-10 -48
-30 -36
33 42
10 24
-19 -6
-38 -12
20 -24
25 6
-37 42
-24 36
20 24
-44 -36
-15 -6
-47 -30
-7 42
-2 24
49 18
-42 -36
-6 -48
-25 42
-12 -12
-43 -30
10 0
-1 6
29 -18
-37 -18
31 -30
-25 -6
-13 18
46 24
-49 -30
28 -36
47 18
-4 -12
3 -6
-22 24
49 -18
-5 30
5 6
28 -36
-12 36
33 -42
41 -30
19 -6
9 -6
45 42
-2 48
-8 -12
12 12
-23 6
-32 12
-44 -12
-42 -48
43 18
-32 0
5 30
30 -24
27 -42
5 -42
35 -6
-28 0
3 18
-16 36
-32 -48
-43 30
1 -30
-32 -36
-26 36
45 42
32 0
-43 -30
-36 12
-17 -30
-28 36
12 -48
-9 30
39 -30
33 6
-2 48
11 -6
-24 36
-49 30
38 -48
25 -6
-24 24
20 -24
-3 -18
8 -36
-23 30
10 -36
4 0
5 -42
4 -12
-43 6
9 -18
-48 12
-37 18
92
-30 29
-2 49
22 27
-36 18
-6 45
14 -35
-26 27
-42 -43
-32 46
-6 33
4 -32
-6 35
-34 11
42 5
34 11
8 -24
2 9
-28 14
-40 -22
-38 -25
-16 -8
-30 17
14 47
-44 16
38 5
46 39
-32 -34
-24 0
-42 21
-26 41
-40 2
2 29
22 -29
-10 17
-44 -16
-46 -7
10 33
-6 -23
-32 -6
-40 48
-44 -6
-12 2
34 -27
44 8
-36 42
38 35
48 8
8 -46
4 32
22 9
-2 17
26 47
-32 10
-40 44
-32 14
-36 -18
-12 18
-34 -17
10 21
46 -41
-48 -34
28 -4
-4 -44
4 32
46 -7
-24 48
-20 -44
-6 -45
22 37
42 29
-34 -3
22 47
36 44
4 44
18 -31
-24 4
40 -24
0 -26
-24 4
24 -42
-28 0
32 40
-24 -42
-6 -17
28 -24
-28 44
30 -45
-34 -21
-22 49
-36 -18
-40 2
32 -10
88
5 21
-2 -48
46 6
21 -45
-23 15
-7 3
-21 9
32 -42
-17 -21
-26 24
26 30
13 15
22 6
36 -18
26 30
34 -48
-44 24
5 21
32 48
-39 9
-30 36
-8 24
18 0
11 39
-39 -45
-21 -9
-3 45
26 -42
12 36
15 -45
33 -45
16 24
-24 18
-16 -6
46 -30
22 6
42 0
46 6
-41 -21
48 18
-7 39
-46 -6
34 -48
-29 -39
43 -21
10 24
-39 -27
2 -6
2 -42
48 -36
39 -9
-39 -9
-9 -9
46 -30
45 -9
-29 -3
33 -9
5 39
-2 6
-4 -42
-10 -24
-24 0
-10 30
4 42
1 -39
-11 -3
-26 -12
29 3
-34 -24
9 27
49 -21
-16 48
40 -12
-32 -12
22 6
-17 -21
9 27
46 24
-27 45
46 -12
37 -3
-2 42
49 -3
12 -18
9 -45
28 -12
41 21
46 42
90
43 12
-8 19
-40 5
17 -24
2 0
-40 -35
-42 19
-17 -39
37 -29
21 -30
4 49
45 1
-15 9
-4 -15
30 -48
-9 -47
-9 -6
49 1
5 21
-11 9
29 14
-24 -42
-43 29
-43 1
-13 -36
-15 -27
-35 30
22 22
-5 23
-7 19
-9 -40
-3 -14
23 19
28 18
-24 11
-47 20
25 -37
31 -29
-7 -13
6 -19
48 -23
-28 18
-45 44
10 9
-10 -4
-37 39
-23 8
-49 15
14 -48
-10 -32
-5 -25
47 -10
30 41
38 -46
47 -7
-36 -48
15 -27
33 44
4 28
25 24
4 -6
-19 9
-47 4
36 45
31 3
22 -20
49 32
13 7
26 39
-15 38
17 16
14 22
-27 -41
44 23
5 36
-19 33
14 -20
0 -23
-3 29
-12 40
25 27
42 16
-10 26
-8 -32
31 43
36 38
13 -5
-7 -38
-7 -13
10 -42
93
33 12
20 -40
-30 48
15 12
30 -48
-12 -24
-4 -16
41 20
-18 48
14 -16
-28 32
-42 0
-26 -32
43 28
3 -12
49 28
12 -48
16 -32
-23 28
-48 -48
-39 12
-11 4
-10 -16
22 40
-21 -12
13 28
29 -28
-43 -4
-43 -28
28 -32
-42 0
-17 -20
23 44
19 -20
36 0
1 -20
21 12
-8 16
49 -44
17 -4
25 -20
16 -8
35 20
26 -40
27 -12
-8 16
8 8
-25 -28
-35 -44
-13 44
23 44
41 44
-45 -12
-37 44
-20 16
-14 16
-13 20
41 44
30 -48
-18 -48
30 0
-10 -16
1 28
-22 -40
-45 -36
-49 -4
-10 -40
-2 16
-10 -16
47 -28
-8 -32
36 0
30 0
-29 -44
17 44
-36 -48
41 -4
33 12
3 -36
-20 -8
-48 -48
24 -48
-37 44
46 -32
26 32
31 4
-3 -12
-11 -20
32 -16
-10 -40
0 -24
-4 -16
-1 20
