20
22
17 -18
21 6
25 -30
24 24
-6 24
-13 -18
31 6
-35 30
-10 0
-15 30
21 6
27 -18
-42 -12
16 -24
-17 18
-8 12
38 -12
48 48
22 12
-24 36
26 36
47 42
77
-46 -18
21 24
22 23
35 19
-16 -33
27 20
-10 26
-38 -25
-28 -15
-10 35
7 32
-30 25
-19 40
-27 -17
-1 -34
-12 -6
3 -30
-44 17
-22 -9
-41 -47
-44 31
-43 17
-34 30
-35 20
-23 21
-5 -45
26 26
4 49
43 13
31 43
4 21
21 -15
-18 40
46 -38
-33 -17
-3 10
-11 4
-13 -31
-47 44
-4 -28
-36 9
-39 -7
30 -7
-37 -12
39 39
-8 3
-40 -25
-17 35
21 -42
36 -34
-40 42
-2 16
38 39
41 -23
-15 26
-26 15
-6 37
-26 -21
3 41
24 25
23 -21
-3 -39
-13 23
1 -36
-40 -11
9 31
5 -6
23 -35
11 -46
32 -16
22 -35
-18 -44
28 6
-36 38
4 -36
-16 15
0 -49
41
34 -3
-35 11
35 11
-14 -45
26 44
47 17
-38 18
-40 -18
-48 -19
-32 16
32 19
-4 -10
-27 31
48 -18
29 31
-48 -20
-22 -39
29 38
-14 10
28 28
23 -15
-40 10
0 -36
12 4
-13 30
43 45
-31 -8
-24 49
21 3
38 18
20 -44
30 -38
18 8
13 25
-46 -23
35 42
-26 -11
-36 47
-14 -20
-30 31
-32 1
47
48 27
-40 -42
16 -30
-40 -42
16 -30
24 -45
16 -30
8 -15
-8 15
48 27
0 0
-24 45
48 27
0 0
8 -15
-16 30
-8 15
24 -45
8 -15
0 0
-24 45
8 -15
48 27
-24 45
40 42
24 -45
-24 45
-16 30
40 42
-16 30
0 0
-40 -42
-48 -27
16 -30
0 0
-40 -42
48 27
16 -30
-48 -27
48 27
-48 -27
-24 45
0 0
48 27
48 27
-8 15
-40 -42
87
-4 9
-5 44
-28 26
-37 46
-25 -33
34 15
11 11
4 -40
-2 47
10 -13
-2 3
39 -1
-30 41
-3 -37
19 35
12 16
44 -14
35 44
44 -48
32 -45
13 16
-2 36
40 -7
39 -31
2 -48
2 32
-3 25
26 23
-22 10
-15 -19
-38 -6
11 -22
-48 -47
33 32
-29 11
-27 46
1 -40
-31 -31
-4 -31
40 45
-15 42
-10 11
-4 -3
33 17
-24 -21
-28 14
-29 33
-28 35
-5 -10
15 36
22 43
23 -3
47 34
-34 -6
25 -42
26 -11
-25 49
-26 -2
3 48
-45 38
2 11
21 -33
4 36
46 46
4 31
0 26
-5 21
-16 0
-35 -16
47 -11
-49 -43
35 -33
-48 -35
38 12
-48 45
49 -31
-7 -18
36 38
-2 -31
5 41
-39 -27
-8 21
14 -48
20 -27
-34 -39
9 26
-30 -49
73
-39 18
-17 -30
0 0
22 -48
-39 18
-22 48
-39 18
17 30
39 -18
-17 -30
39 -18
0 0
39 -18
-22 48
39 -18
17 30
-17 -30
39 -18
17 30
39 -18
0 0
17 30
-39 18
17 30
0 0
-39 18
39 -18
22 -48
39 -18
22 -48
0 0
-17 -30
17 30
-17 -30
-39 18
-39 18
-22 48
17 30
39 -18
17 30
-17 -30
-39 18
-22 48
22 -48
39 -18
17 30
0 0
22 -48
39 -18
39 -18
-17 -30
-39 18
-22 48
39 -18
22 -48
-39 18
22 -48
-22 48
0 0
0 0
39 -18
-22 48
-39 18
-17 -30
-39 18
17 30
39 -18
22 -48
-22 48
39 -18
17 30
-39 18
17 30
53
27 43
-27 -43
36 -16
-12 42
12 -42
39 1
6 34
18 -8
-18 8
-15 25
39 1
-27 -43
3 17
27 43
18 -8
6 34
-24 -26
-36 16
-42 -18
-6 -34
-33 33
-18 8
-21 -9
-15 25
42 18
-39 -1
-39 -1
-18 8
-27 -43
6 34
45 35
-6 -34
-36 16
33 -33
21 9
15 -25
-21 -9
27 43
42 18
-21 -9
15 -25
3 17
-36 16
-39 -1
6 34
6 34
15 -25
-39 -1
-6 -34
-27 -43
33 -33
27 43
39 1
66
21 -34
-41 -3
-8 -26
19 -26
35 -22
-46 18
32 23
37 12
-45 -44
48 1
-36 -31
2 4
12 31
16 12
13 9
26 -2
39 -24
-13 43
-36 -17
4 -26
47 22
3 30
45 13
36 49
-25 -17
-37 0
-22 36
-38 20
-23 33
-24 -49
-25 4
-17 33
-10 -12
30 -35
-1 -27
13 -16
35 -44
-44 -48
-25 -24
24 -46
-10 -28
2 21
-35 -29
-8 -28
6 15
19 -10
-13 -26
-37 15
-4 7
42 13
5 -29
16 30
-37 -14
-10 -38
-35 10
35 -3
-7 -26
-40 10
-12 -16
-13 12
9 10
35 -23
22 -19
5 17
-29 -19
2 -22
24
32 17
0 0
0 0
0 0
0 0
0 0
32 17
-32 -17
32 17
-32 -17
0 0
0 0
32 17
-32 -17
-32 -17
0 0
-32 -17
0 0
-32 -17
0 0
0 0
0 0
32 17
32 17
88
-31 47
-28 26
0 0
22 16
-3 21
-44 -32
-19 -37
3 -21
-3 21
-28 26
-3 21
-25 5
-31 47
-28 26
-25 5
47 11
25 -5
-19 -37
-6 42
-44 -32
19 37
31 -47
-44 -32
-22 -16
-44 -32
-44 -32
-3 21
44 32
31 -47
44 32
0 0
-28 26
22 16
-6 42
28 -26
-19 -37
3 -21
-22 -16
19 37
3 -21
19 37
-3 21
-6 42
28 -26
47 11
6 -42
-44 -32
44 32
22 16
44 32
-22 -16
-3 21
22 16
19 37
-44 -32
28 -26
0 0
-31 47
-31 47
19 37
25 -5
-6 42
44 32
28 -26
22 16
-28 26
3 -21
-47 -11
-6 42
22 16
-47 -11
6 -42
-44 -32
-19 -37
-47 -11
22 16
-19 -37
22 16
25 -5
-25 5
-44 -32
-3 21
-3 21
-28 26
-22 -16
44 32
44 32
-28 26
70
33 -49
26 21
49 -22
19 0
-13 -3
-11 -3
1 -1
5 -37
10 -16
-7 26
-23 19
49 -16
14 9
-27 35
42 32
-1 -33
-30 -27
-24 -6
-32 -32
6 5
-27 24
-38 -22
26 -11
27 -43
31 -35
47 9
6 24
-29 3
43 -44
13 -22
17 28
5 -14
-9 -18
-37 45
14 -27
24 24
32 26
36 33
17 -25
-32 20
11 -9
-6 -17
44 45
-6 36
-40 38
32 9
-48 -15
17 -40
18 -29
-20 25
-27 -9
-6 48
-44 39
36 -45
-31 17
-32 -45
-5 -18
-31 20
-10 46
-28 33
-46 -4
-31 19
29 3
-14 26
-25 37
-40 -23
0 1
49 38
-17 -42
-30 -22
61
32 -33
-20 -30
4 -21
24 9
-20 -30
-8 42
24 9
32 -33
8 -42
-4 21
20 30
-8 42
-28 12
28 -12
-48 -18
-8 42
44 39
48 18
4 -21
4 -21
28 -12
24 9
44 39
28 -12
-8 42
-4 21
-4 21
20 30
32 -33
48 18
-24 -9
-32 33
32 -33
-20 -30
20 30
0 0
4 -21
-24 -9
0 0
-24 -9
-28 12
-44 -39
48 18
20 30
-48 -18
24 9
28 -12
-44 -39
44 39
24 9
4 -21
-20 -30
44 39
20 30
0 0
-32 33
28 -12
48 18
-8 42
-24 -9
24 9
74
39 4
-8 45
12 46
-37 29
-49 -30
-10 12
33 -14
-39 19
1 20
-34 -14
14 24
-22 49
23 -28
-32 20
41 -24
-7 37
35 -23
-44 7
-37 -28
-8 -4
21 15
-42 11
-4 -12
20 -7
11 16
-33 3
35 6
-9 -12
-24 4
10 -49
-22 9
47 49
19 -9
-43 15
42 3
-15 -40
-14 -17
-2 10
2 -25
24 -8
-34 32
-26 -49
21 -24
49 -22
13 11
-41 -15
3 40
-10 47
-33 20
4 -1
31 37
-29 -40
-22 29
37 15
34 47
13 4
42 48
14 -44
43 -26
-10 -7
46 28
32 3
-38 -10
40 28
8 -3
-5 33
38 8
44 -45
32 19
37 32
-46 -12
39 -13
-29 -1
5 -10
58
14 28
-14 0
-12 -16
-23 -45
38 -38
23 10
15 37
0 -23
-36 24
-12 26
1 -39
-7 -36
-27 -30
33 -21
-48 -30
10 -22
-12 -1
45 -21
23 -1
48 18
31 -15
43 9
40 -24
-22 43
-47 -29
-18 31
-29 -5
-32 22
-4 -47
-39 38
-49 -40
28 27
40 41
37 23
-25 16
-49 46
-14 9
-47 -2
36 -41
-41 35
-4 13
-44 23
25 25
-35 -3
4 3
39 -13
-16 -34
30 -7
-34 10
-20 2
16 -2
36 -13
-22 12
-13 39
-45 42
-40 16
45 -8
49 -2
48
7 -37
-24 -2
-7 37
-17 -39
7 -37
31 -35
-48 -4
-41 -41
-31 35
-31 35
24 2
-17 -39
0 0
-41 -41
-41 -41
-24 -2
-31 35
31 -35
-24 -2
-7 37
-48 -4
-17 -39
-48 -4
41 41
31 -35
41 41
-48 -4
-24 -2
48 4
-24 -2
17 39
-17 -39
-31 35
-24 -2
-17 -39
-24 -2
-48 -4
-48 -4
41 41
-41 -41
-48 -4
-41 -41
41 41
-17 -39
-17 -39
48 4
-48 -4
24 2
91
-34 -17
45 -11
-20 -48
-21 5
1 -40
-32 -14
-47 24
-23 30
-6 -39
45 15
-16 -15
-35 19
0 25
-3 -33
3 5
-20 -12
24 3
-30 -20
18 -10
12 15
13 -3
-40 48
-48 -14
-48 -10
-4 -10
42 -33
43 -22
45 -9
-12 -49
7 -7
4 -42
-39 0
-49 20
-6 -40
23 -23
-49 45
-1 -12
41 -2
41 -15
32 -26
-21 33
43 12
-33 42
-33 -44
-12 -37
2 -34
-38 22
45 23
-37 23
-1 16
-27 -16
-16 38
13 -6
-35 -31
26 34
23 -11
20 -37
-47 -31
-25 -26
33 23
-13 -14
31 21
2 12
28 7
46 20
-32 44
-17 -23
-18 20
25 47
28 -49
2 -6
-44 -22
-38 -26
-21 -38
28 -40
26 -13
-14 11
-4 -43
37 -17
27 34
49 39
-18 49
7 16
-12 0
17 -47
-15 -7
-48 -33
-14 12
8 -19
29 22
24 -16
62
49 24
-35 42
0 0
-49 -24
42 -9
-49 -24
49 24
42 -9
-42 9
49 24
42 -9
49 24
-49 -24
-42 9
-35 42
-42 9
-35 42
7 33
49 24
-42 9
7 33
-7 -33
7 33
49 24
-42 9
-35 42
35 -42
-7 -33
-49 -24
7 33
49 24
-7 -33
-49 -24
-35 42
42 -9
-49 -24
-42 9
42 -9
49 24
7 33
49 24
0 0
7 33
0 0
-7 -33
-49 -24
42 -9
-7 -33
7 33
-7 -33
-42 9
-42 9
0 0
35 -42
-49 -24
49 24
-49 -24
-49 -24
-35 42
7 33
-35 42
-7 -33
58
-46 39
-30 10
15 23
11 -32
-38 -16
-9 -4
-42 -14
-42 -16
-25 -12
11 -4
-11 38
17 -36
-21 -35
37 -1
-21 13
-4 -42
44 2
13 -39
-48 -19
-33 -48
32 10
-22 44
3 14
12 -4
-34 -42
49 -5
-32 47
-20 -29
-48 -13
0 43
46 0
41 -16
-40 16
45 45
-10 -5
-39 -5
-41 12
39 47
36 49
-42 -21
8 -47
-28 -13
7 -46
-4 8
8 -31
-26 20
-41 25
-40 -19
0 -33
35 -11
-12 49
47 -31
31 30
18 6
-1 -3
-30 -1
-29 6
-19 -13
78
-18 -27
12 -2
30 25
-18 -27
-24 4
-36 6
-24 4
30 25
48 -8
6 -31
6 -31
-42 37
6 -31
-18 33
-30 -25
18 27
6 -31
-42 37
42 23
-30 35
18 27
0 0
36 -6
48 -8
-30 -25
48 -8
18 27
42 -37
42 23
6 29
6 29
-42 -23
24 -4
-30 35
18 -33
30 25
-24 4
-12 2
-12 2
48 -8
-48 8
18 -33
6 -31
-18 -27
18 27
30 25
-36 6
0 0
6 29
-48 8
6 -31
-6 -29
-48 8
-6 -29
18 27
-36 6
-48 8
18 27
36 -6
18 27
-42 -23
6 -31
30 25
24 -4
0 0
36 -6
-30 35
42 -37
-24 4
-12 2
42 23
-30 -25
-48 8
-12 2
18 27
30 25
-30 35
30 25
91
47 42
-44 13
37 36
24 44
-4 3
-12 -25
-3 -38
-43 30
13 1
-29 -24
40 44
47 27
37 -11
-25 43
13 -11
-35 -36
23 -1
-18 37
-25 -2
-11 -30
22 -40
-3 -39
19 31
13 19
-27 49
2 -24
-15 -2
16 44
1 -19
-25 -19
-12 -18
-25 42
21 13
-34 -23
46 -6
42 -49
44 -2
20 21
21 -36
-13 14
-5 -40
-28 48
-42 -48
-31 27
30 1
-19 -14
38 3
-2 -37
-26 43
30 42
34 24
27 -24
41 -2
-15 -19
-26 -3
13 -10
-11 -33
0 -27
4 20
27 -26
-44 -20
-12 33
-28 -17
30 -15
16 -45
39 36
-1 -28
-3 2
42 -6
9 13
-25 6
-6 42
-32 15
44 28
47 4
27 -47
-43 7
-17 44
23 -13
30 -13
-13 18
-3 -39
-26 4
19 -41
30 -20
-2 34
46 -5
-4 -15
43 -43
2 -15
-14 -13
