100
20
51 19
66 -4
-9 60
48 80
42 76
-9 54
3 -1
39 44
51 -2
57 35
69 40
51 -8
18 72
39 20
9 63
39 20
0 63
-3 61
21 47
36 78
22
23 36
69 68
-4 32
17 44
59 28
-1 68
38 16
14 8
13 76
71 12
67 44
74 8
50 40
22 24
3 76
22 24
21 52
68 16
21 52
10 40
76 32
48 16
36
47 31
13 32
52 59
4 57
22 69
77 71
73 15
19 74
66 13
9 0
23 78
23 45
64 -5
36 63
55 43
39 0
22 40
64 21
56 78
-1 18
78 19
62 3
38 80
44 11
62 77
49 -2
-5 54
63 34
57 12
46 38
41 64
5 41
67 30
68 11
11 36
59 68
31
-2 0
53 40
77 44
11 74
46 59
63 57
35 32
27 25
-4 61
22 45
8 7
40 -3
41 79
67 37
12 62
39 64
42 20
33 78
79 60
20 72
11 54
73 24
23 -7
50 53
15 45
33 73
62 43
69 36
36 28
-9 78
61 8
34
4 48
5 15
26 42
45 45
40 30
70 30
42 54
-9 27
-9 27
37 39
15 45
78 36
30 0
72 54
34 48
35 15
78 36
52 -6
-2 66
77 69
8 6
31 57
79 3
1 57
17 69
30 0
46 12
-8 -6
80 60
79 3
38 6
28 66
62 24
41 -3
21
1 26
11 16
67 50
14 4
77 46
20 22
79 32
-7 58
52 20
5 64
44 4
4 68
56 -2
14 34
45 66
46 32
17 76
49 8
-5 80
65 40
46 62
28
24 66
-4 51
80 60
24 36
0 66
36 -3
8 24
-4 33
36 27
16 24
44 15
28 51
-8 30
16 66
60 63
12 3
12 39
72 30
68 21
20 45
40 54
32 42
56 72
4 21
40 6
28 -3
76 51
40 66
38
22 44
67 14
-1 58
-7 -4
25 -5
41 -3
-4 42
65 40
-7 71
75 20
22 39
-4 -3
58 26
1 72
30 45
31 52
17 49
44 33
-4 67
7 79
64 3
6 77
73 71
45 60
70 10
31 77
-2 41
78 1
-6 48
46 77
14 38
-3 64
13 76
46 7
15 60
-6 28
12 54
56 22
30
52 -6
78 15
-9 43
41 42
30 29
68 73
-2 37
71 35
46 38
80 10
48 14
20 61
3 16
76 -3
69 19
20 37
-4 -9
69 -4
50 78
79 72
12 25
41 21
3 29
76 -5
30 19
63 73
74 68
32 3
0 46
47 7
37
35 70
48 30
56 59
32 70
66 18
12 46
66 57
38 -7
21 62
25 53
18 -1
70 80
11 38
57 74
40 39
14 14
24 7
57 74
64 45
68 24
59 76
53 12
56 1
40 47
75 67
34 53
3 71
37 42
38 27
55 41
70 62
42 19
64 43
44 34
50 2
74 54
31 -1
25
-9 16
47 9
0 75
51 66
11 58
33 52
18 18
3 64
38 28
42 -9
9 66
21 45
-3 7
24 22
43 -3
75 80
11 68
19 33
56 21
59 -2
58 32
-6 51
36 69
33 79
6 56
23
79 11
23 79
44 52
63 75
72 60
16 80
35 7
19 -1
39 75
11 67
79 59
60 48
75 27
58 50
30 30
66 30
8 4
41 49
28 44
16 56
2 34
9 57
-5 11
34
51 3
46 66
40 71
19 7
64 38
41 43
64 71
73 17
-3 69
6 44
69 70
64 69
71 17
35 79
27 77
57 68
77 -5
32 63
46 66
70 6
12 2
78 29
2 27
37 46
14 3
33 58
75 37
3 62
18 48
14 5
32 5
14 61
57 44
3 28
32
23 17
15 45
-9 49
10 70
-7 7
16 44
12 8
10 30
36 24
72 28
7 13
65 -5
71 49
48 52
57 63
43 57
49 31
43 17
64 -4
8 52
68 32
12 8
47 -7
44 -4
44 -4
3 57
35 45
26 -6
68 12
74 6
-4 44
80 0
31
29 28
69 60
34 8
6 24
32 64
17 28
47 4
10 56
36 48
32 16
49 -4
70 56
37 44
-5 20
73 -4
6 24
-7 28
32 16
25 44
6 24
26 40
-9 36
76 80
41 28
55 68
64 32
2 40
53 76
54 24
74 -8
41 76
27
9 -9
0 27
4 7
51 54
42 20
1 43
68 19
20 15
41 52
45 28
24 33
58 68
72 -4
72 -5
14 68
51 20
41 -2
38 21
-7 70
37 80
12 61
53 79
51 80
62 53
40 1
-1 77
65 25
31
47 18
44 12
34 37
80 31
24 -7
-3 66
9 28
73 18
16 23
14 11
-9 63
35 -5
58 42
55 77
53 -2
74 20
-5 57
60 50
70 -9
16 -8
58 5
52 26
30 23
13 26
64 40
47 8
43 10
2 49
8 -1
-9 -6
40 14
34
47 0
18 0
74 0
27 0
51 0
32 0
62 0
65 0
57 0
75 0
60 0
77 0
9 0
1 0
71 0
-1 0
79 0
21 0
37 0
22 0
22 0
55 0
19 0
19 0
27 0
75 0
79 0
20 0
-8 0
49 0
74 0
20 0
65 0
44 0
26
70 11
68 58
30 -1
30 54
63 32
67 28
33 56
27 -1
0 33
78 38
77 71
15 50
14 27
-9 7
66 71
40 61
6 45
1 -4
38 24
56 8
9 76
25 71
54 36
14 6
26 33
66 74
25
37 11
50 70
48 0
72 0
23 73
26 -2
-8 20
56 76
57 27
26 22
41 55
29 55
50 46
47 61
62 10
34 14
52 8
22 62
57 15
28 20
-2 62
38 58
53 7
71 49
1 47
26
35 11
59 28
58 22
47 48
1 48
9 28
37 -8
0 2
78 -3
62 52
72 5
58 30
33 27
1 12
16 54
53 24
-5 46
44 60
6 32
80 61
9 12
60 4
49 -6
74 13
55 4
3 48
35
68 30
63 48
47 -5
-5 24
58 28
34 63
34 49
-4 27
2 56
64 15
75 66
-6 59
52 11
25 10
9 60
40 68
24 63
57 51
10 47
14 52
7 71
71 9
65 64
59 61
21 61
79 69
48 76
26 51
4 58
67 33
18 43
10 36
27 78
64 4
36 72
20
19 22
28 16
27 -5
24 80
-6 -9
15 54
51 26
53 42
56 55
80 7
5 40
37 35
9 -2
1 19
80 15
54 6
3 38
7 46
23 -7
59 15
36
60 -5
58 40
8 44
33 13
54 53
71 0
76 12
6 79
12 76
-2 43
75 0
13 25
21 66
14 27
43 52
24 44
-4 57
32 14
28 8
-4 48
70 31
79 47
62 77
65 9
14 32
-4 5
47 11
74 -2
-4 49
-5 62
12 3
43 39
13 9
15 61
3 6
64 26
29
-3 57
78 30
42 70
27 55
36 12
69 49
27 79
66 66
48 4
33 45
9 77
39 31
-6 34
57 1
33 53
51 15
-3 57
42 54
6 14
12 -4
12 36
54 46
-6 2
36 52
45 73
72 16
36 36
51 31
48 0
29
25 50
-8 44
65 -8
80 -8
15 -6
51 24
0 30
1 32
58 38
78 12
49 50
50 28
66 78
21 6
80 40
13 50
79 74
49 44
13 38
-1 -8
74 16
32 -8
19 20
41 76
51 12
28 50
0 0
2 40
23 64
33
57 44
18 -4
-5 -5
6 30
5 49
43 43
-9 8
45 67
16 56
17 39
33 -1
13 5
21 48
50 -8
63 44
2 56
12 10
71 -5
13 62
31 75
37 62
24 51
33 7
1 55
54 27
77 20
30 39
19 22
26 71
20 43
-7 50
-1 44
63 61
26
0 70
-4 -3
72 78
43 0
11 30
4 -4
4 13
64 65
64 48
27 35
53 43
47 49
-9 65
69 25
14 16
-5 15
80 5
40 29
36 74
18 21
75 10
22 -1
-9 2
39 19
31 30
5 64
34
54 55
47 18
-8 53
-4 76
34 44
55 26
11 25
48 1
7 28
7 12
50 21
19 -1
65 6
41 77
-6 24
-2 27
9 68
49 63
20 35
20 8
-2 12
28 22
4 5
57 52
24 76
28 49
16 51
59 28
26 66
60 6
12 -7
45 20
15 57
55 31
37
64 47
21 32
51 53
4 62
29 35
37 3
80 -2
50 14
50 42
78 66
0 78
56 37
6 19
44 43
24 66
-3 78
71 -2
55 41
31 -2
65 5
29 0
64 58
3 45
40 49
78 12
18 62
75 13
11 22
67 38
20 10
-3 -7
31 7
46 43
56 75
-3 0
41 78
46 61
39
79 57
74 50
17 16
5 24
-3 65
13 72
66 64
9 -9
1 36
73 76
47 22
72 -3
16 20
32 57
-7 35
5 12
41 31
-5 33
68 62
19 21
52 34
-5 25
34 60
30 76
56 11
46 66
14 65
59 35
10 13
30 64
62 72
3 41
60 8
32 43
42 -5
40 38
21 75
49 61
13 49
35
76 62
68 66
4 28
60 65
62 -6
-2 11
10 0
64 18
44 13
66 17
24 53
24 13
30 55
-2 46
46 7
74 68
30 75
4 -2
-8 64
80 20
18 31
40 50
54 23
34 78
76 -3
12 9
64 38
18 36
24 33
-4 77
36 37
14 28
30 25
62 79
38 -4
34
35 16
64 45
20 70
75 1
19 38
26 46
6 20
17 -2
15 31
52 65
48 39
-5 15
68 53
12 15
14 46
41 56
67 6
34 70
1 27
12 29
42 66
13 19
32 46
5 6
24 53
73 25
25 15
8 21
-4 0
-5 35
41 28
53 16
29 33
49 58
21
61 58
69 6
76 77
20 6
6 78
-9 66
58 27
69 0
38 44
26 74
23 31
37 66
32 31
23 51
0 75
20 47
-9 2
62 9
16 33
59 63
56 23
20
70 22
69 48
19 8
76 26
52 37
37 46
66 80
61 20
80 5
56 79
34 19
27 9
78 10
-8 48
69 32
27 77
31 49
68 13
75 78
18 18
28
31 69
18 -8
20 40
-1 11
29 31
42 28
39 21
64 6
73 77
77 53
4 66
1 59
-9 49
72 78
55 55
43 17
-3 33
16 24
-9 49
1 69
9 71
-5 35
26 -6
80 10
32 28
57 53
79 71
38 2
39
17 25
29 64
29 65
21 72
29 57
63 72
1 40
32 31
16 39
59 68
53 -2
34 54
51 22
40 30
1 36
2 19
44 56
64 70
51 34
27 72
79 80
17 28
29 72
68 18
38 17
-2 47
75 70
23 37
40 73
29 37
62 -9
32 34
73 -6
5 37
28 71
16 52
-6 47
49 9
62 5
21
14 67
14 37
18 3
48 60
-8 80
64 74
8 70
46 17
58 23
76 32
-2 47
50 55
80 46
14 7
32 28
46 5
40 80
4 32
38 43
28 8
60 -6
20
57 63
-7 59
28 28
54 54
56 20
74 26
13 37
44 74
36 6
2 2
27 69
11 47
58 70
11 59
49 7
-1 47
42 54
55 49
36 6
67 7
37
27 59
54 76
54 28
54 46
54 22
27 47
27 41
27 47
0 48
27 -7
54 76
54 16
54 28
0 78
0 30
0 72
54 76
0 42
27 29
27 59
54 64
54 28
54 -2
0 -6
54 16
54 28
0 0
54 64
0 72
54 -8
54 -2
27 65
0 36
0 72
27 -1
54 10
54 -2
30
73 7
0 18
26 63
3 26
23 69
58 80
73 66
9 43
75 72
60 74
-2 7
77 8
0 60
4 -3
3 64
67 -5
71 56
2 20
58 6
62 76
11 52
41 4
14 68
-2 -7
26 29
62 -7
63 64
59 65
40 -8
-1 51
34
12 50
17 50
70 0
17 50
20 0
52 50
80 0
20 0
55 0
2 50
25 0
5 0
32 50
47 50
52 50
5 0
80 0
17 50
72 50
40 0
65 0
47 50
50 0
-5 0
7 50
62 50
47 50
27 50
62 50
57 50
47 50
72 50
30 0
-8 50
20
32 -2
32 60
46 27
-4 52
78 29
50 79
56 34
42 59
18 27
40 34
66 31
24 0
8 68
54 67
58 45
26 27
72 4
72 42
34 11
78 31
36
68 13
71 41
15 29
-4 77
11 16
78 77
19 29
64 32
-2 5
-1 0
7 78
43 77
49 70
2 35
17 25
21 55
7 68
12 49
66 -3
40 51
15 78
15 6
22 72
36 56
-9 77
62 51
5 -2
29 62
29 7
42 36
0 15
79 54
68 42
58 16
6 75
32 67
28
33 11
13 8
29 57
37 -9
-1 23
77 60
-5 17
33 39
-5 32
35 30
71 80
2 31
5 66
44 50
16 63
46 78
40 75
37 42
17 73
2 49
5 61
-2 18
14 24
54 36
58 4
67 44
66 24
11 46
31
48 40
63 70
0 30
15 60
75 25
72 55
21 35
78 15
36 70
69 45
78 65
75 70
75 55
12 50
15 20
51 35
75 75
63 30
78 20
75 45
-3 70
78 25
51 45
42 0
54 5
24 70
-9 45
-6 20
27 0
48 40
15 40
24
39 47
36 8
28 54
65 -5
61 53
62 46
3 -1
47 11
32 -4
2 66
36 48
34 -8
18 -6
63 9
69 37
28 4
45 35
7 11
71 43
16 78
17 71
-8 6
-7 19
80 60
22
72 74
18 14
54 45
72 -4
18 -7
36 49
72 65
36 58
0 66
0 69
36 19
0 18
72 56
0 57
0 42
36 7
72 -7
0 66
18 8
72 14
0 15
18 14
28
21 18
18 -9
70 61
48 15
39 35
80 50
17 1
8 69
26 20
50 21
-1 54
44 70
45 15
21 42
76 44
53 29
21 80
21 77
40 78
12 58
18 16
75 19
39 77
-2 4
2 18
38 53
43 61
70 40
31
26 9
32 11
30 -3
80 44
-3 50
6 29
35 10
50 40
7 79
10 72
10 -4
22 12
75 36
65 -6
1 0
71 7
0 -9
22 51
50 -7
60 16
46 43
44 13
20 10
62 10
54 26
23 -6
17 0
71 8
44 2
75 70
51 21
37
58 17
51 -4
17 62
25 38
58 29
53 47
-2 15
54 -7
47 79
39 80
77 10
68 43
65 -2
-8 61
20 -9
51 1
61 1
80 -5
3 14
65 2
69 0
20 67
32 69
0 42
7 71
64 -9
53 62
47 -1
47 4
10 18
13 62
1 48
58 10
26 74
71 65
22 12
-7 54
28
44 28
38 12
60 76
60 69
72 54
63 63
44 15
53 -2
80 23
68 51
25 -6
33 39
5 19
32 17
72 40
67 13
77 18
11 15
75 56
37 78
69 12
20 -3
80 46
45 66
35 18
18 1
38 56
19 16
28
65 3
21 45
25 33
65 75
57 27
68 30
62 66
38 12
25 15
59 21
72 18
5 57
64 6
-3 27
28 60
16 42
78 72
59 75
76 42
46 42
-3 9
17 39
68 30
19 33
45 45
57 -9
37 -3
18 72
37
24 41
72 35
48 54
24 37
48 2
48 -6
0 28
0 44
0 8
72 43
48 50
24 33
0 8
24 25
24 37
0 80
24 57
24 -7
0 64
72 51
72 31
48 26
72 55
24 25
72 7
0 8
0 44
0 4
48 10
24 21
72 7
72 7
0 0
72 79
48 46
24 13
48 18
36
0 40
71 78
37 66
-2 4
20 0
33 -6
26 28
35 30
46 28
8 64
39 22
6 68
71 38
24 32
44 -8
27 46
43 14
17 26
73 34
44 -8
59 22
65 50
52 16
-8 56
64 32
3 14
60 0
5 10
-9 -2
0 40
51 38
75 30
25 10
73 -6
2 -4
69 42
34
71 6
73 18
51 6
50 0
-6 -6
4 54
9 -6
77 42
2 42
-7 18
67 72
65 30
73 78
53 78
73 48
17 12
45 0
6 36
-4 6
48 48
-7 78
25 30
73 48
17 12
4 54
-5 30
68 18
52 12
80 30
24 54
30 0
38 18
-4 36
27 12
22
33 -1
56 -4
34 69
68 28
19 58
32 -5
75 19
59 62
38 44
51 68
22 -8
-7 34
53 14
55 2
53 0
10 33
77 48
80 69
15 55
51 60
69 16
6 45
20
-9 71
71 57
36 54
54 30
54 50
20 38
3 2
6 59
56 21
80 -1
39 32
51 16
7 -5
17 34
75 9
35 68
-3 36
74 64
68 32
1 4
23
7 48
59 69
1 39
59 7
57 -5
46 71
27 77
56 68
-5 49
51 26
14 35
30 72
21 13
13 37
56 61
69 -5
-5 37
37 74
54 12
51 52
76 16
33 19
41 -1
28
66 13
-3 51
70 60
-6 2
16 48
60 55
45 0
61 33
57 -4
64 32
2 76
56 -2
53 49
55 25
60 70
13 49
76 78
31 -7
1 38
-1 22
10 65
62 -4
80 35
-1 37
43 -6
26 68
-1 12
71 8
36
63 -5
30 26
72 30
57 -7
66 66
75 67
72 56
48 28
51 71
-9 27
30 2
21 35
39 -7
72 30
69 15
-6 74
0 16
-3 -7
48 60
33 5
33 37
6 -6
-6 60
48 62
36 44
12 34
42 14
9 47
0 20
60 76
21 -9
9 49
15 73
0 24
6 8
66 22
20
70 -9
30 65
24 66
65 50
72 57
38 34
57 28
-7 70
19 80
28 59
34 2
77 71
32 65
44 30
60 68
75 62
41 30
5 14
0 49
78 20
29
40 74
5 -2
80 -2
80 13
0 75
25 35
-5 2
80 73
60 -9
70 47
50 70
45 27
65 64
70 62
60 66
30 18
65 4
40 74
80 58
30 33
75 45
55 23
65 34
20 37
25 50
20 37
60 6
5 73
50 55
37
11 71
26 80
-2 22
-5 58
9 69
43 -5
28 28
39 79
-5 28
77 -7
-2 22
33 -1
75 47
60 0
5 80
6 41
62 12
66 56
-7 51
58 21
47 52
45 6
-9 46
9 40
-5 23
69 72
4 56
8 75
64 22
78 58
-5 48
11 16
22 18
45 65
54 -5
39 28
31 61
23
30 27
32 15
-8 63
50 18
73 72
24 41
61 56
14 54
8 63
10 26
9 37
13 78
69 -6
43 46
19 7
52 68
10 0
19 -5
59 53
41 25
35 21
58 32
57 -2
30
10 35
34 25
8 70
10 16
36 38
50 62
69 79
-4 65
45 69
71 33
46 45
55 57
16 66
52 20
44 61
0 21
35 36
34 32
50 -8
68 22
70 56
11 -9
60 23
38 27
44 53
35 65
30 50
7 29
74 39
7 -1
24
51 60
7 34
65 37
32 -2
27 8
40 7
22 36
53 41
57 51
-9 24
39 3
44 42
69 77
21 69
71 69
48 6
19 -6
10 74
12 4
78 65
78 18
16 59
58 60
20 73
34
43 -3
51 9
70 42
46 78
10 78
58 6
50 -6
-5 33
64 24
18 18
11 57
62 30
13 15
46 42
3 9
14 -6
68 12
5 75
31 69
7 -3
49 51
70 42
9 -9
-8 24
77 3
17 39
4 24
37 15
19 33
40 24
2 30
74 66
-5 69
22 42
29
7 57
18 -8
3 50
59 -2
34 -4
8 70
10 73
10 -5
74 10
67 71
-8 40
50 -8
4 61
22 15
-5 29
46 75
77 23
8 77
26 3
24 24
-3 -8
30 24
-1 19
58 65
62 79
32 67
57 12
11 76
72 59
22
67 35
53 61
10 14
43 23
-4 10
8 58
68 4
10 38
29 7
33 51
53 79
68 34
58 56
34 62
55 11
35 13
-1 13
78 18
51 -9
17 25
13 11
55 29
34
63 6
7 63
-7 80
43 63
62 1
66 0
68 62
21 19
54 -6
64 75
12 0
72 13
27 30
16 52
23 42
74 40
17 79
-1 3
77 -7
54 32
51 32
37 5
7 -4
6 39
54 37
76 36
1 31
77 77
75 15
67 -4
63 23
42 3
24 47
41 25
37
34 45
-3 38
20 36
57 39
34 21
29 73
17 -2
7 42
71 10
69 44
46 69
69 62
-7 78
9 65
46 36
-5 12
41 17
37 61
80 40
-7 54
-6 24
46 64
-1 73
2 56
34 53
-7 35
15 42
16 20
77 2
45 37
16 41
-2 33
19 23
50 27
57 19
34 33
67 50
32
-8 6
-2 9
79 -3
59 27
29 57
8 69
61 18
44 57
9 57
6 78
67 6
59 72
40 30
44 42
63 24
10 75
60 75
20 45
-1 -3
33 24
-9 63
24 12
61 18
45 60
69 27
80 45
78 9
52 6
72 -9
43 24
15 60
13 69
30
76 53
38 14
13 34
38 -3
24 14
-9 40
27 22
48 48
-1 69
-2 44
56 47
5 42
-8 50
30 69
47 74
13 35
2 57
36 59
6 68
79 79
23 35
70 51
-6 37
52 43
-9 53
71 43
73 57
-1 16
54 28
3 63
31
62 6
-9 54
-6 1
21 -7
43 32
27 8
48 7
25 -2
74 68
2 27
15 17
17 69
36 7
13 73
25 29
25 4
62 20
41 23
30 47
40 80
59 37
73 7
65 48
45 61
35 74
2 12
69 73
13 71
-3 42
32 12
69 78
32
24 32
52 76
13 73
17 80
75 10
51 12
58 29
-7 -3
-8 64
43 73
47 80
66 68
37 62
42 26
-8 33
69 51
4 51
1 6
16 72
52 28
44 57
66 2
31 60
-1 0
47 5
75 45
56 26
56 -5
38 19
9 20
-7 64
76 79
26
45 72
60 64
-1 -8
43 56
45 72
8 32
74 80
44 32
64 0
-1 -8
64 32
7 -8
-9 56
78 48
-3 8
14 16
37 8
20 64
24 64
55 -8
31 24
37 8
66 16
76 64
40 0
76 64
21
-1 78
20 80
-1 78
55 70
-3 -6
40 40
20 0
26 12
38 76
78 36
1 2
-4 72
-5 70
4 8
48 16
7 14
68 56
12 64
37 74
31 62
71 22
29
24 49
10 80
-2 33
18 3
4 -6
50 70
-2 23
36 31
14 -1
44 79
26 41
70 60
0 25
16 -9
20 65
52 72
74 64
64 64
30 20
46 46
14 19
70 0
70 70
56 36
38 -7
80 30
-2 -2
-2 58
4 49
27
-2 46
22 39
42 -6
78 1
78 11
30 65
56 42
16 7
80 40
20 65
48 11
0 25
54 8
30 65
10 70
4 63
72 59
74 23
20 15
6 57
70 15
44 68
32 79
10 15
32 49
28 56
16 37
31
68 79
-8 13
8 34
10 -1
52 30
32 -7
7 50
54 49
54 39
28 5
50 63
72 32
68 45
33 25
22 30
59 -5
79 19
19 42
24 1
62 22
40 75
63 74
25 -2
2 -8
53 64
43 -4
56 4
8 52
-1 9
7 59
54 78
37
65 58
63 38
74 4
68 8
24 36
34 0
51 2
79 42
12 64
42 64
-2 -8
38 12
78 32
54 72
70 16
-8 0
73 38
12 80
24 0
66 44
-2 36
34 -8
-2 8
26 24
-9 50
-9 50
19 54
62 24
58 -4
74 16
52 8
47 22
34 72
-3 34
45 2
7 46
44 52
21
44 30
59 42
30 40
47 55
76 9
56 17
52 56
17 9
67 58
66 25
49 -3
38 36
6 72
58 49
54 49
-3 16
4 31
11 67
53 -4
49 51
5 70
35
36 0
6 29
36 28
80 45
46 52
44 72
19 27
15 78
61 2
9 65
30 76
19 77
59 60
44 76
35 79
-8 68
-3 65
1 24
71 34
78 0
64 46
75 67
77 2
44 49
47 -3
49 62
4 10
55 12
48 43
27 1
15 75
65 16
30 5
56 73
63 69
35
54 73
0 54
54 13
54 13
54 7
54 67
0 54
0 36
0 18
54 25
54 -5
54 7
0 0
54 19
54 49
54 -5
54 67
54 -5
0 60
0 42
0 72
54 49
0 0
0 24
0 42
54 37
54 55
54 25
54 43
0 48
0 78
0 24
54 43
54 43
54 1
26
75 11
24 34
27 9
3 11
15 37
63 3
24 10
45 27
15 -5
48 74
30 44
57 41
39 53
66 20
-3 31
33 67
36 24
30 2
33 1
69 31
0 78
0 78
72 42
54 72
51 79
21 47
31
61 53
43 29
71 73
45 15
-7 49
75 75
-2 74
45 45
-2 44
18 54
72 36
29 37
79 77
18 24
52 -4
4 62
64 62
-2 44
53 49
12 6
39 57
11 43
60 30
28 14
73 29
72 36
-2 74
65 -5
48 -6
-7 19
23 19
27
64 73
38 26
-8 19
70 55
70 -5
58 70
20 56
6 57
52 37
78 75
-4 -1
24 54
12 18
72 12
66 15
26 29
24 51
6 39
16 67
0 72
54 0
78 60
80 11
74 -4
66 78
48 57
28 34
25
13 2
-4 -8
76 56
5 34
34 68
43 38
6 48
24 60
63 42
28 68
-1 70
-4 28
57 30
80 16
39 18
-2 8
3 30
-8 20
76 80
38 40
74 64
74 28
54 36
65 22
65 -2
33
4 44
52 35
64 32
28 59
40 20
20 55
4 65
32 -2
36 21
52 53
-8 65
48 60
36 6
8 70
-8 47
28 -4
56 10
4 47
68 37
76 -7
52 47
44 64
12 33
28 17
76 71
72 -6
20 7
-8 14
40 74
44 49
32 -5
64 47
12 -3
25
-1 11
65 16
7 16
17 14
38 36
55 73
62 34
-9 27
26 30
1 15
-1 31
61 72
42 60
72 42
2 53
36 69
40 46
56 76
75 10
26 77
65 74
-2 59
-5 1
60 41
-7 52
28
44 73
-7 24
31 72
17 26
70 60
39 8
17 39
55 12
52 35
59 -5
19 3
24 26
73 22
11 57
11 14
-9 69
-9 56
63 36
31 66
71 22
61 37
65 7
44 11
19 43
74 29
29 42
30 4
0 12
39
68 3
31 24
19 -8
71 42
72 -2
74 20
68 -3
11 68
21 45
46 22
16 56
62 41
31 44
-9 75
41 43
78 45
49 42
-4 53
79 66
32 20
2 80
50 -3
-1 78
60 28
41 62
27 -6
50 59
-4 46
68 16
11 32
61 38
59 23
-1 27
18 19
75 66
41 -1
17 8
62 57
16 21
21
73 71
3 41
77 19
37 59
76 12
73 -9
36 52
10 70
51 17
14 78
9 3
66 2
2 54
41 7
75 65
78 26
45 75
-1 33
52 64
26 2
-4 12
26
-7 30
11 5
9 59
42 43
74 3
30 16
46 18
74 52
62 11
-9 75
56 76
21 42
29 55
51 56
29 43
48 40
47 78
79 -1
9 58
64 50
18 63
11 37
73 22
19 19
22 10
46 73
21
27 -2
70 -7
24 33
51 45
46 73
8 25
79 52
50 -8
10 44
3 78
30 59
69 20
65 44
8 -4
49 22
44 29
80 4
-6 31
59 39
53 43
70 54
33
53 8
13 57
-4 46
-4 49
46 47
63 57
13 16
41 63
43 39
5 16
13 30
43 23
4 15
58 53
68 67
-5 9
2 30
36 38
69 19
22 -1
20 60
28 -9
0 80
64 5
28 23
36 9
45 75
69 22
67 5
34 1
56 1
42 42
60 67
37
72 57
80 75
0 30
68 23
72 77
68 38
-4 11
52 42
36 61
16 71
56 76
40 45
36 61
-4 31
68 -7
20 35
48 23
28 38
16 71
76 41
52 37
40 50
40 70
40 5
48 78
64 74
28 13
28 33
76 6
20 70
36 11
0 70
8 43
48 38
24 19
40 55
4 44
37
24 22
-9 56
52 1
-2 74
-1 57
69 58
17 33
39 -6
-4 39
39 46
73 56
72 50
-6 52
57 25
79 43
-6 48
44 24
64 63
2 55
12 22
47 24
29 49
73 44
67 4
67 57
55 69
49 31
43 58
29 53
8 42
16 57
21 16
43 75
-7 67
17 55
40 16
23 11
39
57 38
10 33
24 17
70 33
16 28
20 12
49 80
54 6
21 29
80 2
39 71
5 23
11 14
-1 75
53 -2
67 0
31 41
28 62
-2 17
80 8
80 30
35 75
-2 27
61 45
55 23
69 22
49 5
3 68
57 18
-5 9
36 18
13 -6
79 17
70 5
30 77
31 56
57 1
46 21
49 20
