50
20
34 -2
-67 -1
68 -4
-41 4
-34 2
68 2
-95 1
54 0
-71 4
75 -3
-45 0
-68 -2
-68 1
-88 -4
-13 2
-1 -1
63 3
-61 2
-49 -1
67 -2
26
-36 0
48 0
-77 0
-89 0
47 0
73 0
38 0
-9 0
56 0
-21 0
-99 0
-87 0
60 0
96 0
-29 0
0 0
60 0
-56 0
-19 0
-88 0
-9 0
79 0
95 0
28 0
81 0
-83 0
30
-17 4
65 -4
-13 -4
31 -2
-83 4
-79 -4
-80 4
-35 4
1 -2
17 2
-7 -4
16 -2
-90 0
-56 4
-17 -2
14 2
9 0
46 4
-95 4
56 -4
57 0
-41 -2
-86 -2
-80 -2
61 4
78 0
-82 2
40 4
-48 0
-41 4
28
-51 -4
72 3
-97 -3
5 -2
26 0
12 0
57 -3
45 -2
-67 3
79 -4
-48 4
38 -3
-16 -1
-13 3
77 -1
78 1
-97 3
16 -1
85 4
15 1
-22 -3
-82 4
3 4
-44 -1
34 0
-87 -4
51 -3
75 -3
31
23 1
90 4
-47 -4
-48 -3
96 4
62 -3
4 -2
21 0
-37 -2
56 -4
37 4
-90 -1
82 0
-17 3
-81 2
74 -2
-74 4
62 -4
-51 4
-22 3
55 4
-79 -4
-43 2
-52 -1
-79 2
-93 1
95 2
38 0
-33 2
11 -1
-35 -1
21
58 0
9 -4
35 0
-37 -2
13 -3
5 4
-14 1
-45 1
44 -3
-1 1
-35 1
7 -1
-73 0
56 2
-55 -1
93 2
61 -1
-98 4
8 0
-7 0
65 -4
21
40 3
-72 3
56 -3
32 -2
-64 4
8 -3
16 4
-40 -1
-72 -3
-56 -1
-80 4
-8 1
-72 -1
-24 1
0 0
8 1
48 4
64 2
64 0
64 -2
-32 2
38
34 -4
-59 3
35 0
-58 -3
-56 1
24 3
82 0
50 4
-50 2
72 -2
-54 1
-51 1
-84 -2
-9 1
-64 -2
-46 -2
-33 2
-56 0
89 0
74 1
51 -2
-76 2
-62 -3
-59 -3
5 -3
-57 -4
-23 -4
-48 -3
-57 -4
27 -2
67 -1
24 0
-50 0
37 2
-70 2
-30 3
92 4
84 -2
26
-58 -4
62 -4
8 -4
-30 0
-80 -2
94 -2
58 4
-68 1
-54 0
-28 -4
32 2
2 -1
74 2
-46 2
8 2
-66 -3
48 0
0 -3
-14 -2
-40 -1
50 -1
-68 -2
-30 3
-48 -3
-6 -3
-96 3
24
31 2
-58 0
-65 2
-18 -2
-58 -2
71 -1
-74 1
-79 3
84 3
-6 2
-8 0
-5 -1
-38 1
-68 -4
-21 1
-37 3
-66 0
75 2
-79 4
72 -3
34 0
49 1
-82 0
-79 -2
30
75 4
22 1
33 -1
-55 1
63 2
-62 -1
-42 -3
-54 4
4 1
-67 4
60 4
-14 0
76 0
-36 2
48 1
-6 2
73 -2
12 2
-11 -4
-53 1
-65 2
35 1
59 -3
-21 2
-9 0
-72 -1
-8 0
95 2
-75 -3
95 4
34
-93 -2
42 2
44 2
70 2
-31 -3
55 2
-21 2
-77 -2
-57 -1
-20 3
13 3
-60 2
-39 4
-55 -2
-2 -3
-24 -1
7 -3
-87 2
-44 -1
-82 -4
-89 3
-87 2
-69 3
-70 2
-46 2
-10 -4
52 2
8 4
86 1
62 4
9 2
41 -1
-37 4
93 -3
23
-6 1
-22 0
-26 -3
-95 4
-8 -3
-72 1
-79 -1
60 -1
-75 -1
78 4
-15 0
-80 -2
-34 3
43 -4
73 -3
-80 4
-3 1
77 4
83 -2
-31 2
-52 1
-12 3
-52 -2
30
45 -2
10 -1
40 -4
65 1
95 -2
60 -1
50 0
60 -1
10 4
10 -1
-15 -1
45 -2
40 -4
5 2
70 -2
20 -2
15 1
60 4
-60 -4
55 2
85 4
-30 -2
-35 -4
-5 3
65 1
-75 0
35 4
65 1
-55 -2
40 -4
31
95 -1
40 -1
55 -2
-92 2
36 1
-90 -2
5 4
5 0
-15 4
-10 -3
-90 3
18 -1
31 -4
-96 -1
60 -4
-83 3
59 -1
10 2
-35 3
71 1
50 2
57 4
-85 -4
-99 -1
3 1
-63 4
-47 1
45 2
62 -2
-41 1
70 -3
33
66 -4
31 1
-3 1
88 -1
98 4
-38 -1
19 -2
9 -2
58 4
64 3
-1 1
7 -1
40 -2
77 2
19 3
19 0
-69 3
5 -1
26 1
-46 1
8 1
57 0
92 4
45 4
-34 4
-88 -2
97 -3
-86 -1
-55 -2
83 -2
7 1
-52 -1
-31 -1
31
-8 -2
-44 4
15 0
94 1
11 -1
-63 3
11 -1
18 -3
-72 -3
53 2
1 4
-83 -2
64 1
82 -2
26 -1
12 3
-7 2
19 1
48 -3
63 -3
-89 4
63 -3
-97 2
-26 1
-75 0
93 -3
38 2
-79 -1
-82 2
63 -3
-12 -3
24
42 -3
-86 -3
-34 -3
12 4
72 0
-46 -1
-64 -4
72 -2
-10 -1
-30 -3
34 -1
36 0
2 -1
48 -4
-84 -2
-64 -2
18 3
82 -3
-84 2
-64 -4
76 -2
-22 -3
28 2
-62 -1
24
-74 0
-69 3
-77 -3
-72 2
1 -3
-43 1
94 0
40 -1
92 1
67 3
-44 4
85 -3
90 -2
-3 0
87 4
88 -4
-31 -1
54 -1
-64 1
49 4
77 -4
-69 1
-85 3
-82 -4
25
23 -2
-72 0
-62 -4
-13 -2
-47 2
-66 0
-41 2
10 -4
38 4
-49 -2
80 4
-84 0
86 4
-74 -4
-54 0
61 2
96 0
5 -2
-25 -2
58 -4
42 0
61 2
-92 -4
54 0
-7 -2
26
-92 -2
29 -3
70 -2
62 3
77 0
-80 -4
-92 4
-3 0
-98 -2
8 2
-9 4
13 1
-96 2
-48 1
-90 -2
-30 2
-70 -1
96 2
88 -4
58 4
22 -1
89 -3
-80 3
24 -4
-82 1
21 2
21
-48 3
90 0
-54 -1
28 2
46 4
-98 -2
84 -4
-80 0
-80 0
-78 -2
-18 -2
50 0
-30 0
-94 -1
62 3
-12 -3
58 -3
-64 -1
40 0
-42 2
-34 4
37
0 1
0 -1
0 -2
0 -3
0 0
0 1
0 4
0 -2
0 -2
0 -3
0 3
0 0
0 -3
0 -2
0 1
0 -3
0 3
0 -1
0 0
0 -1
0 -1
0 0
0 -2
0 -2
0 -1
0 1
0 2
0 2
0 -1
0 -2
0 -1
0 -3
0 -2
0 3
0 -2
0 -2
0 -4
24
-66 4
96 -2
75 2
93 -4
-93 -2
99 -4
-93 2
93 -2
51 -2
-21 0
72 2
-81 0
21 4
99 0
75 -2
90 -4
-66 2
-33 -2
51 4
-51 4
-93 2
12 4
-36 0
-39 4
32
22 -4
-70 -2
-75 0
-67 1
-99 -3
21 3
-5 -4
-74 2
-51 -3
79 -4
-6 -3
92 -2
-78 3
16 -4
-71 -4
-70 -2
63 3
62 1
38 1
26 1
99 -3
2 4
-11 -1
26 -2
27 -3
-33 -3
-82 -2
-17 -1
-16 1
-44 2
-44 2
79 -4
36
35 2
-65 -2
-86 4
46 4
-50 4
-58 -4
80 -4
-7 2
12 0
36 0
-32 4
20 -4
-74 4
-68 4
-61 2
62 -4
19 -2
-26 4
-25 2
-17 -2
-6 0
-13 2
-70 -4
-20 4
36 0
41 2
70 4
-46 -4
28 4
-60 0
-41 -2
-91 2
70 4
-36 0
-89 -2
-88 -4
21
11 -1
39 -2
-14 0
30 2
-83 -3
57 2
74 -3
89 4
-34 -3
-65 4
-99 3
49 -1
75 -4
6 1
-21 4
-27 0
4 3
-7 0
-27 2
-79 4
-34 1
20
58 -3
-43 0
52 3
45 -1
-90 -3
77 -1
73 1
-37 -3
89 -1
37 0
4 1
68 4
56 -2
98 -3
45 4
-3 -2
-19 -3
93 -3
-96 1
73 0
28
72 -2
88 2
-36 -4
94 1
54 1
-98 3
36 4
6 -1
-22 -3
-88 -2
-58 3
98 -3
96 4
98 -3
62 3
58 -3
-78 3
-96 -4
64 -4
-4 4
-96 -4
80 0
88 2
60 0
-84 4
48 2
-80 0
72 -2
26
-2 2
-70 -2
-25 1
62 -2
10 2
75 -3
-76 4
-34 -2
-25 1
56 4
75 -3
-72 0
-44 -4
37 -1
97 -1
84 0
94 2
27 -3
-57 -3
48 0
-81 -3
28 -4
-13 1
76 -4
15 -3
25 -1
21
-26 0
15 -3
70 0
-15 3
-87 3
-91 -3
34 0
-76 0
-33 -3
53 3
25 -3
-47 3
-74 0
8 0
-37 3
20 0
-94 0
-14 0
-12 0
-60 0
6 0
21
-84 1
-93 2
7 3
-56 1
15 1
23 1
-22 -2
-59 3
7 1
-59 -4
11 2
-78 4
-4 -2
-20 1
60 3
-98 2
22 4
82 0
73 4
-6 -2
-86 2
26
54 -1
-71 -1
45 -1
-83 2
21 -2
-19 0
7 4
-55 -3
88 1
-79 -1
-11 -4
15 0
53 -1
-37 -4
79 -2
45 0
-96 -1
-62 -4
73 -1
-69 1
26 1
71 3
-8 -1
-18 2
-57 -2
-19 1
21
-21 -1
-58 2
76 1
-54 -2
26 -1
38 -3
-16 -2
31 -2
31 2
34 2
-27 0
-28 4
-6 2
-99 -1
-1 -2
89 1
99 -2
61 -3
-34 -1
22 -3
38 -3
30
-14 2
36 2
-77 2
-16 -4
65 2
48 -4
33 -1
69 2
-3 2
-41 -3
-42 1
63 2
65 -3
98 1
-37 1
-34 -2
-34 3
-15 4
-38 -3
-60 -4
-64 -3
-2 4
-92 2
-16 -1
96 4
-37 3
-13 4
-72 2
11 2
42 -2
33
48 1
-48 3
-64 4
16 -1
48 -3
64 0
-64 -4
0 0
-64 0
-96 2
0 4
-64 -4
80 -1
16 3
64 0
80 -1
-16 -3
64 4
-16 -3
-64 4
16 3
-16 1
16 -1
-80 -3
32 2
16 3
-96 -2
-48 -1
-80 -3
-64 4
-80 -3
64 -4
64 0
21
71 0
-30 0
-28 4
93 0
-36 3
-66 1
-14 -1
35 -1
60 0
66 -1
-80 -2
-45 2
89 4
35 -1
50 0
-41 3
-53 -3
-56 0
-26 -3
50 -1
2 1
22
34 -3
-58 3
-34 3
-10 3
-34 3
-46 3
-50 -3
-14 -3
60 0
-24 0
84 0
60 0
-82 3
46 -3
70 -3
-82 3
-2 -3
-26 -3
98 3
-14 -3
12 0
60 0
20
12 0
-64 3
-64 3
-28 3
8 3
78 0
-46 3
4 -3
32 3
-80 -3
12 0
86 3
78 0
52 -3
-64 3
-76 3
-74 -3
44 3
-92 -3
-52 3
34
11 1
80 0
82 2
89 -1
-58 2
-69 1
-51 -1
67 -3
80 0
-33 -3
0 0
91 1
64 4
27 -3
7 -3
-29 1
-42 -2
24 4
24 4
64 4
11 1
89 -1
7 -3
-69 1
38 -2
-76 4
69 -1
47 -3
-98 2
49 -1
-56 4
-69 1
71 1
9 -1
26
56 -4
40 -1
30 2
75 4
-73 -3
45 4
83 3
93 -1
-70 3
-60 2
-90 -1
-91 2
83 1
0 -3
-51 -4
71 -1
75 -2
56 0
13 -2
-15 -2
-53 -1
37 1
73 -2
95 -1
77 -4
-78 2
25
93 0
77 0
-48 0
79 0
-98 0
-79 0
16 0
-56 0
26 0
-5 0
-86 0
4 0
68 0
83 0
-29 0
-58 0
82 0
-49 0
34 0
-63 0
8 0
-59 0
-30 0
-68 0
-92 0
33
-95 0
22 -3
70 2
33 -2
-1 4
34 4
33 1
18 0
-74 -3
50 3
-34 1
-80 -4
69 -4
11 3
-28 -4
87 -1
-67 3
85 2
-17 2
-91 -3
32 -4
38 1
-35 0
29 1
-75 -1
14 2
47 -2
-7 -1
-77 -1
-76 1
-52 -4
89 3
-54 3
35
21 1
51 1
-21 -1
56 -4
-48 2
19 -1
-91 -1
67 -3
83 3
53 3
-89 1
-91 -1
-72 -2
-81 -1
64 4
-37 3
-98 2
-66 4
-92 -2
-53 -3
-36 4
-67 3
-9 1
-3 -3
34 4
-39 1
7 -3
48 -2
80 0
94 4
90 0
7 -3
97 -3
-81 -1
72 2
22
-21 4
-94 -4
-1 4
-20 0
-24 -4
-35 0
56 -4
31 -4
51 -4
-20 0
0 0
84 4
44 4
50 0
-46 4
19 4
6 -4
94 4
-70 0
-85 0
-39 -4
-81 4
27
-53 4
-67 -3
69 1
-25 4
-75 1
-72 -3
-8 4
-8 4
48 -1
-38 -1
-64 2
21 -1
80 -4
56 -2
17 1
88 2
46 1
65 -2
9 2
-74 -2
-27 -2
54 3
-62 2
-39 3
46 0
-3 2
99 2
32
-18 3
-11 -3
79 1
-36 -4
1 1
-37 4
-9 -4
-36 -4
30 3
-72 -1
-71 2
-4 1
-97 -4
-88 2
25 -4
-32 -2
-25 0
23 4
-70 -1
-12 3
-35 3
21 3
92 0
-56 -2
-11 -2
2 3
66 0
-7 2
19 -3
-10 1
16 4
-37 4
25
51 -3
49 4
71 2
94 -3
-83 2
-57 1
-52 3
43 0
-91 4
-94 2
-21 1
7 2
-4 -3
-71 2
-41 4
-85 1
-53 -3
-33 -2
55 2
-50 -2
1 -1
-75 3
85 1
93 2
59 3
35
-91 -4
77 -4
-27 -1
-30 0
-71 -1
-41 -2
-43 -2
68 4
-92 2
94 -3
-92 -1
-27 -1
94 2
-61 4
42 -3
-25 -3
64 4
45 -2
42 -2
-97 -2
75 -2
88 -4
-90 4
-8 3
-74 -3
95 4
-56 0
-24 -1
-59 -2
84 1
23 4
-19 1
57 -1
-73 3
0 1
34
10 0
-65 0
-24 3
14 -3
90 0
-64 3
71 3
-65 0
-80 0
50 0
71 3
50 0
-76 -3
-89 3
9 -3
-84 3
25 0
84 -3
61 3
44 -3
-89 3
1 3
86 3
-49 3
-11 -3
-75 0
-14 3
-40 0
-39 3
-94 3
-30 0
16 3
21 3
59 -3
