100
380281
690948
289151
57546
665733
942511
738166
703497
123411
618373
497406
181984
307834
420993
854740
946749
472831
37663
610464
616979
816147
695210
52074
530337
765792
42971
972568
52028
670430
724251
24566
503444
222542
373401
261486
644186
999588
702664
565693
23038
586482
826951
704134
190459
189261
563850
611823
515371
578876
595161
515767
770816
786683
605115
798132
906383
187323
85560
439866
593356
912921
198899
175976
143637
624349
876966
381596
27598
131530
30782
538884
585329
109797
553987
684678
813605
826458
906353
306230
359656
278841
658212
900570
424488
368016
981732
140940
146970
399503
918950
140780
68573
59093
171165
603598
970784
729488
31106
261690
875994
