500
6969
8388
878
5059
298
6537
4032
6474
4606
8994
9524
2251
321
9283
2206
2648
4530
2005
8071
2861
3804
5417
2828
1577
7283
8769
5779
8510
2667
8510
4209
2653
6593
7754
9738
8655
6621
5083
5762
4335
4750
3179
5216
4432
6048
261
8118
246
2436
8091
4834
4198
4417
114
8145
7379
1792
5038
1392
5606
5870
2719
9141
1988
2990
7148
5204
1473
98
1155
793
9139
7348
8377
7973
9508
9589
4702
7500
9088
4787
9187
4796
9002
8385
7358
9063
1865
168
6212
7969
9620
7495
8351
7770
7792
1954
7568
8448
8104
9103
6350
3704
4352
3847
7813
7668
4039
8279
4667
707
3488
4292
219
5992
693
5766
5512
4070
775
7719
3853
9496
6525
7288
1424
5522
8328
4207
8949
5723
3762
8153
1020
1506
1296
1081
6373
5261
608
3584
9356
8846
6927
8977
4734
2708
7504
6048
1240
8288
199
171
5600
552
7703
8748
7373
7743
229
732
8293
1426
5913
7563
3194
2525
3310
7788
2301
888
1093
2540
488
3499
4365
3665
557
7439
8972
9360
4156
8494
3286
2492
5870
4132
6708
1396
9085
1877
9058
666
4768
6089
7768
6384
4992
9096
1159
971
6242
82
3977
7781
5712
6192
6239
1962
9179
7561
1900
6402
7613
951
9903
1170
3666
202
5309
7276
8209
4593
7876
5033
8079
6649
9794
9156
9562
1286
9032
8078
3564
5982
6455
7485
5327
4403
1203
1371
8969
6512
8542
5696
4513
6481
7590
9276
786
4102
963
6986
7905
4502
1754
9457
6114
6007
340
2543
5932
3168
7253
764
7293
9353
5123
4022
8608
6077
1259
8206
1569
5958
673
4614
484
4495
6892
4708
6732
6110
237
1627
8487
4145
5859
8524
1271
6612
8328
6261
2476
5217
4202
1100
9054
5578
7628
82
696
3202
4419
5323
8984
5731
843
1621
9338
826
8981
8736
2550
9679
2949
5526
2637
1563
6987
533
6626
8613
4845
4828
1682
8121
4216
5577
6709
5568
9779
6162
2351
4767
3272
2131
9124
2759
5087
756
5170
9931
7702
9464
9577
253
4943
711
4407
7460
745
1961
5978
7847
9827
4066
4350
6467
3184
6712
5792
2777
8909
6913
6735
1353
6334
5625
3156
5599
2714
1418
6468
733
9951
9931
1792
3675
7121
5749
8751
1130
9547
6175
3846
1965
1062
7325
7955
1668
9345
440
2669
1156
4658
5728
4905
2651
5484
3506
5152
6137
2441
5936
5887
4240
2884
5546
2049
5927
3226
3221
178
4887
638
2267
6577
3310
1803
8705
146
2219
661
6907
8224
5156
1583
6120
692
202
8478
7592
8979
900
2404
6741
7669
1566
1501
6106
3900
2903
8531
5007
5293
9127
2809
40
5103
2653
9774
7776
1219
9367
7631
9783
7367
9031
9942
1761
8255
5593
4170
3594
7546
5655
7064
9302
9947
5568
2383
6660
1084
3393
8484
610
139
4490
1451
4776
7312
8319
8917
8566
9704
984
7155
9435
2351
1874
6862
3476
5966
6968
2222
975
8797
3823
9936
