98 322 76 91 877
40 40 40 40 40 40 40 40 40 40 40 40 40 40 40 40 40 40 40 40 40 40 40 40 40 40 40 40 40 40 40 40 40 40 40 40 40 40 40 40 40 40 40 40 40 40 40 40 40 40 40 40 40 40 40 40 40 40 40 40 40 40 40 40 40 40 40 40 40 40 40 40 40 40 40 40 40 40 40 40 40 40 40 40 40 40 40 40 40 40 40 40 40 40 40 11 22 44
1 2
1 3
1 4
1 5
2 3
2 4
2 5
3 4
3 5
4 5
6 7
6 8
6 9
6 10
7 8
7 9
7 10
8 9
8 10
9 10
11 12
11 13
11 14
11 15
12 13
12 14
12 15
13 14
13 15
14 15
16 17
16 18
16 19
16 20
17 18
17 19
17 20
18 19
18 20
19 20
21 22
21 23
21 24
21 25
22 23
22 24
22 25
23 24
23 25
24 25
26 27
26 28
26 29
26 30
27 28
27 29
27 30
28 29
28 30
29 30
31 32
31 33
31 34
31 35
32 33
32 34
32 35
33 34
33 35
34 35
36 37
36 38
36 39
36 40
37 38
37 39
37 40
38 39
38 40
39 40
41 42
41 43
41 44
41 45
42 43
42 44
42 45
43 44
43 45
44 45
46 47
46 48
46 49
46 50
47 48
47 49
47 50
48 49
48 50
49 50
51 52
51 53
51 54
51 55
52 53
52 54
52 55
53 54
53 55
54 55
56 57
56 58
56 59
56 60
57 58
57 59
57 60
58 59
58 60
59 60
61 62
61 63
61 64
61 65
62 63
62 64
62 65
63 64
63 65
64 65
66 67
66 68
66 69
66 70
67 68
67 69
67 70
68 69
68 70
69 70
71 72
71 73
71 74
71 75
72 73
72 74
72 75
73 74
73 75
74 75
76 1
81 1
76 2
81 2
76 3
81 3
76 4
81 4
76 5
81 5
77 6
82 6
77 7
82 7
77 8
82 8
77 9
82 9
77 10
82 10
78 11
83 11
78 12
83 12
78 13
83 13
78 14
83 14
78 15
83 15
79 16
84 16
79 17
84 17
79 18
84 18
79 19
84 19
79 20
84 20
80 21
85 21
80 22
85 22
80 23
85 23
80 24
85 24
80 25
85 25
81 26
86 26
81 27
86 27
81 28
86 28
81 29
86 29
81 30
86 30
82 31
87 31
82 32
87 32
82 33
87 33
82 34
87 34
82 35
87 35
83 36
88 36
83 37
88 37
83 38
88 38
83 39
88 39
83 40
88 40
84 41
89 41
84 42
89 42
84 43
89 43
84 44
89 44
84 45
89 45
85 46
90 46
85 47
90 47
85 48
90 48
85 49
90 49
85 50
90 50
86 51
91 51
86 52
91 52
86 53
91 53
86 54
91 54
86 55
91 55
87 56
92 56
87 57
92 57
87 58
92 58
87 59
92 59
87 60
92 60
88 61
93 61
88 62
93 62
88 63
93 63
88 64
93 64
88 65
93 65
89 66
94 66
89 67
94 67
89 68
94 68
89 69
94 69
89 70
94 70
90 71
95 71
90 72
95 72
90 73
95 73
90 74
95 74
90 75
95 75
76 77
77 78
78 79
79 80
81 82
82 83
83 84
84 85
86 87
87 88
88 89
89 90
91 92
92 93
93 94
94 95
96 80
96 85
97 81
97 86
98 90
98 95
