15 90 1 15 971
343 1 7 49 343 343 343 343 343 343 343 343 343 343 343
9 12
2 10
12 6
8 3
1 10
4 9
6 14
9 3
4 7
7 2
4 13
2 12
4 10
15 8
10 14
1 13
1 8
2 5
3 15
7 3
2 4
9 6
11 9
11 7
1 15
6 11
10 6
15 11
5 8
3 10
10 8
1 4
11 8
13 11
5 14
14 7
9 2
14 1
11 4
3 11
3 14
1 11
5 13
8 13
9 7
1 7
5 15
1 3
15 12
13 10
3 13
2 6
15 6
7 5
12 1
14 8
13 6
2 8
7 13
12 5
2 13
4 15
12 14
7 15
15 9
11 14
14 9
3 12
12 8
3 6
11 2
5 3
8 6
7 12
9 5
5 11
1 2
2 3
3 4
4 5
5 6
6 7
7 8
8 9
9 10
10 11
11 12
12 13
13 14
14 15
