25 87 19 22 999
50 50 50 50 50 50 50 50 50 50 50 50 50 50 50 50 50 50 50 50 50 50 50 50 699
1 2
1 3
1 4
1 5
1 6
2 3
2 4
2 5
2 6
3 4
3 5
3 6
4 5
4 6
5 6
7 8
7 9
7 10
7 11
7 12
8 9
8 10
8 11
8 12
9 10
9 11
9 12
10 11
10 12
11 12
13 14
13 15
13 16
13 17
13 18
14 15
14 16
14 17
14 18
15 16
15 17
15 18
16 17
16 18
17 18
19 1
22 1
19 2
22 2
19 3
22 3
19 4
22 4
19 5
22 5
19 6
22 6
20 7
23 7
20 8
23 8
20 9
23 9
20 10
23 10
20 11
23 11
20 12
23 12
21 13
24 13
21 14
24 14
21 15
24 15
21 16
24 16
21 17
24 17
21 18
24 18
19 20
20 21
22 23
23 24
25 21
25 24
