100 2000 1 100 1000
38 35 49 20 30 48 38 27 23 11 47 24 8 1 40 22 46 24 31 15 32 45 30 45 35 50 50 27 11 19 15 21 45 11 43 34 50 23 49 2 33 36 41 10 24 19 45 8 38 11 1 43 40 5 15 17 20 13 1 4 7 39 4 5 47 26 39 1 18 18 46 5 20 7 48 11 44 31 28 12 15 28 13 15 41 9 50 32 43 41 33 13 33 12 50 26 36 21 43 31
14 41
68 13
80 92
7 31
2 48
73 86
49 73
99 47
99 94
39 61
61 94
70 28
50 77
57 75
26 99
48 8
54 50
80 94
69 15
22 94
51 43
48 4
47 50
26 21
90 95
93 91
58 90
16 24
31 49
94 34
57 32
55 65
58 98
18 32
53 92
20 42
40 84
91 23
62 71
51 86
13 81
81 83
91 33
38 13
72 47
40 47
7 13
13 50
91 5
93 29
45 4
66 87
56 59
54 49
100 44
81 78
35 38
78 89
2 21
77 90
49 25
92 38
26 96
48 91
88 92
74 5
28 67
10 49
15 17
26 37
99 50
66 88
80 98
48 46
26 58
53 33
50 38
5 75
15 72
50 17
82 10
97 92
98 63
40 4
52 24
41 62
39 96
70 67
23 95
13 75
98 75
20 43
69 64
12 21
75 88
66 92
3 73
73 94
94 14
31 13
80 16
48 26
60 38
46 77
25 15
60 75
44 18
80 58
6 2
99 40
17 90
29 55
88 56
7 16
33 85
94 97
99 9
58 34
33 24
59 91
52 44
72 24
32 56
66 33
44 1
57 9
53 79
4 57
91 55
56 78
50 72
26 7
40 74
80 3
96 55
67 38
3 98
61 82
5 30
14 89
56 45
97 54
44 42
28 92
39 91
45 87
44 84
97 41
65 19
25 12
85 53
16 10
56 99
62 3
66 44
48 24
87 9
19 12
66 10
18 43
99 82
85 2
28 3
69 82
53 56
70 49
76 49
90 75
88 70
18 7
55 44
9 17
5 86
13 42
98 84
64 73
65 9
84 90
25 33
57 13
70 54
3 97
38 33
32 96
56 47
31 81
85 16
93 31
75 47
38 88
23 92
16 18
64 87
83 1
42 33
32 63
47 57
4 35
41 19
92 54
59 32
98 81
25 55
4 50
23 84
93 98
54 36
22 24
37 68
40 66
57 62
64 89
86 40
56 7
70 61
23 62
92 36
11 2
55 57
74 44
64 54
25 34
12 84
62 55
49 63
55 59
73 27
80 70
9 51
24 85
31 28
100 21
24 37
55 61
24 63
22 71
85 54
89 52
79 33
67 12
82 4
42 70
53 1
9 25
89 18
65 84
22 1
83 48
32 29
72 41
61 46
72 99
29 97
85 35
88 59
13 72
20 91
100 31
64 51
69 25
64 28
39 75
58 75
24 21
92 41
57 86
86 69
33 5
29 8
7 49
87 93
38 1
70 22
1 19
62 78
34 64
47 88
1 56
38 91
8 44
39 74
77 72
51 94
62 7
56 43
40 76
26 34
70 40
57 71
45 31
40 2
57 79
14 60
64 77
69 9
85 68
72 31
51 93
13 34
57 26
2 32
78 57
92 79
52 82
2 52
28 1
96 70
15 92
5 43
40 43
11 93
41 21
23 58
77 18
38 42
9 4
24 26
28 80
94 54
13 2
12 57
82 21
20 12
8 47
65 62
59 94
98 59
33 16
71 18
6 65
45 39
16 64
74 57
54 29
64 71
90 48
11 32
89 92
47 97
66 28
11 94
42 51
10 5
55 26
84 20
56 84
49 2
67 80
98 52
91 2
19 2
4 7
84 67
31 27
83 35
35 23
61 36
85 76
79 30
29 52
65 5
34 88
31 38
46 94
75 61
89 5
30 85
38 85
27 85
31 98
99 42
90 31
72 79
33 44
23 47
24 10
86 30
5 35
24 83
20 26
41 74
32 45
93 26
54 14
95 25
85 48
51 53
71 53
89 11
56 31
96 54
7 88
92 49
13 6
40 77
9 64
17 33
29 6
60 58
93 33
22 63
93 70
95 33
54 73
45 80
45 95
98 50
24 28
32 100
70 82
72 78
88 29
20 83
57 49
11 73
26 91
60 46
36 41
90 43
60 24
86 8
18 74
57 63
13 93
69 43
82 62
72 88
44 41
27 9
3 6
54 9
1 5
37 42
67 77
5 49
98 78
88 82
3 17
36 21
93 82
12 91
45 65
94 45
81 76
95 18
60 12
8 19
99 67
50 57
59 50
2 71
68 52
5 18
23 9
17 75
18 52
97 86
41 46
93 80
77 100
92 83
1 76
13 45
76 63
30 87
24 50
80 34
7 42
48 9
80 66
58 4
55 41
73 16
27 82
73 39
30 52
49 72
96 25
35 62
28 56
58 24
1 45
92 34
51 14
37 99
84 13
34 55
86 29
79 2
56 95
77 54
59 3
77 49
46 98
4 13
40 32
84 64
23 77
15 86
23 44
52 45
77 75
7 36
71 48
58 2
37 72
52 46
21 4
80 25
54 18
50 8
80 27
6 95
7 27
73 18
7 1
94 74
9 82
7 33
80 12
45 73
60 35
51 63
56 74
42 61
11 19
79 32
34 14
11 6
92 14
86 63
7 39
87 21
38 8
37 3
52 25
54 46
88 96
51 70
15 49
97 42
95 47
39 18
58 61
9 26
38 9
76 89
94 20
99 64
9 89
55 68
39 25
88 28
40 71
4 28
35 100
82 77
69 65
74 87
47 31
91 46
73 71
56 50
44 29
41 63
77 24
76 67
81 93
73 69
90 30
65 49
39 20
91 71
82 76
39 81
88 11
76 9
99 85
73 93
76 4
84 6
13 48
97 55
34 44
51 67
82 100
53 89
98 48
81 25
36 16
50 32
70 47
36 38
52 1
34 4
95 70
11 47
51 20
15 30
39 37
25 44
98 76
74 21
81 73
47 38
2 80
3 41
9 66
79 15
91 29
75 23
2 46
29 63
47 66
68 41
78 73
42 39
79 31
41 31
50 39
57 73
67 35
57 6
60 8
68 39
25 20
29 39
93 14
1 66
14 23
37 22
70 59
15 44
90 32
10 17
54 47
90 40
44 95
27 84
25 21
67 87
69 39
21 51
34 62
13 92
60 57
66 100
68 7
61 3
78 88
60 93
82 6
22 48
51 54
88 45
61 83
32 39
29 65
13 5
44 11
79 47
83 79
4 81
27 56
45 34
83 28
35 49
8 5
67 21
90 1
69 72
6 10
77 6
54 60
65 39
74 97
25 8
29 41
39 100
11 3
98 16
26 95
81 66
44 75
43 8
93 36
12 82
46 55
80 47
91 56
28 100
86 52
5 40
93 64
71 32
50 64
92 50
85 51
32 78
21 18
49 21
68 66
61 50
23 82
70 86
77 39
11 24
27 22
85 67
73 13
29 47
24 43
26 45
92 12
25 18
23 39
65 15
69 26
78 9
23 20
40 97
12 65
72 96
16 88
70 73
85 52
35 77
30 36
47 100
24 89
53 84
30 80
96 63
97 87
21 78
80 60
75 68
63 58
22 45
90 59
7 67
27 96
19 59
82 97
75 52
14 56
91 81
15 1
96 7
58 11
61 54
78 80
2 60
71 24
91 86
92 82
97 17
100 89
5 94
92 2
46 80
74 80
40 33
83 27
74 82
68 60
6 58
65 83
74 43
87 14
95 39
31 71
43 6
17 30
36 32
5 79
16 90
41 85
38 34
28 37
7 53
96 85
76 97
93 30
25 93
65 70
82 90
2 4
22 36
7 24
3 21
76 42
86 88
46 24
7 65
19 97
33 46
9 46
59 27
48 27
73 32
83 93
94 60
91 72
2 61
11 67
91 49
58 43
36 68
51 26
64 57
11 66
20 3
17 83
45 25
94 71
92 64
97 27
62 53
83 88
82 86
7 93
4 79
48 57
26 67
2 88
1 31
97 9
65 23
77 89
13 98
54 28
70 32
12 46
69 2
77 33
89 13
58 51
78 51
42 83
45 12
44 36
27 52
98 53
8 15
40 82
76 14
18 53
66 5
17 62
18 57
10 100
20 52
10 71
85 1
72 6
97 6
78 59
56 17
80 84
53 37
24 56
59 42
2 29
26 80
15 48
61 1
88 57
29 12
56 73
68 8
76 7
75 2
48 41
78 61
89 45
50 83
90 9
19 75
45 69
91 89
15 42
27 68
11 59
72 70
3 100
13 76
77 87
18 87
42 26
50 68
43 29
85 58
42 40
29 42
82 67
24 39
12 64
32 9
93 34
29 9
46 76
48 69
14 26
22 87
62 25
96 49
85 46
66 23
61 15
14 31
49 89
78 71
15 71
90 85
23 6
99 52
1 26
16 56
80 85
56 65
52 87
21 17
76 95
85 60
84 52
80 18
74 49
76 87
92 25
33 36
40 100
84 31
48 70
25 99
62 22
62 28
9 35
74 25
10 25
91 75
38 20
34 2
81 29
22 33
88 26
29 57
24 1
19 78
42 30
58 53
84 54
47 15
10 92
81 61
77 74
28 36
15 6
16 97
33 18
79 95
43 94
11 29
88 10
31 94
100 41
23 57
40 94
37 13
83 62
64 33
22 78
14 59
66 91
64 17
55 88
64 42
82 26
93 22
60 10
30 51
23 56
82 18
61 100
38 57
27 75
69 85
49 12
87 92
13 77
44 16
37 1
89 37
15 77
80 87
50 74
43 27
68 33
55 78
3 32
71 26
100 58
71 14
1 57
83 13
46 83
75 30
48 32
95 48
13 97
74 7
43 91
92 75
45 21
86 89
100 12
35 54
45 23
6 100
67 62
51 24
6 78
51 46
30 65
87 36
91 97
73 6
99 59
76 56
45 70
56 82
10 44
51 4
19 57
15 88
3 77
91 35
15 100
39 21
5 32
85 55
35 1
3 12
92 60
27 24
49 26
90 54
65 47
61 95
52 59
40 46
54 58
11 48
41 87
34 75
94 64
66 86
63 30
14 12
14 46
96 76
77 5
58 38
12 85
42 17
10 32
22 34
34 74
62 98
8 87
71 17
17 58
98 21
93 8
53 8
17 96
3 75
81 74
37 58
8 77
49 58
97 34
40 95
59 38
36 58
99 71
94 8
14 32
36 69
15 13
56 35
18 69
61 32
98 83
56 21
91 36
9 14
49 78
51 82
35 50
70 17
31 2
30 1
16 41
68 26
79 10
47 81
18 47
18 3
97 78
81 95
5 59
59 13
9 13
94 69
66 83
73 26
59 100
73 63
25 5
39 70
77 83
98 42
2 18
79 36
21 61
93 67
84 91
80 44
87 25
87 79
37 97
14 16
87 100
11 100
15 20
89 33
4 96
92 63
13 1
58 70
18 66
77 92
60 33
58 94
52 10
32 89
44 70
64 55
90 38
29 99
18 10
20 31
26 44
61 19
23 88
91 85
11 14
33 55
81 53
79 73
44 53
32 80
30 91
91 73
89 74
64 59
78 95
76 24
6 8
2 83
69 67
24 98
6 52
28 49
45 49
30 100
31 82
6 24
64 25
42 63
75 65
84 100
17 1
100 27
9 19
47 14
28 84
27 90
49 68
63 33
41 95
32 91
26 43
36 24
53 32
74 64
37 63
62 48
70 64
38 97
39 83
86 80
79 3
49 40
91 53
71 1
86 68
22 80
8 37
92 8
33 94
98 67
100 45
89 85
57 37
7 97
35 37
92 57
51 60
28 26
60 7
20 4
90 47
89 58
75 46
14 66
64 45
12 43
24 32
52 74
34 3
61 56
40 51
100 75
51 2
4 1
20 7
60 31
71 28
22 32
66 73
52 42
29 76
35 2
63 14
18 59
20 95
39 99
13 52
20 77
19 28
82 71
82 25
43 70
78 44
5 19
82 29
56 90
63 46
89 10
82 59
69 33
57 97
89 59
73 92
89 47
81 45
97 70
31 73
86 13
81 28
6 44
50 93
87 15
28 89
17 95
34 15
26 81
2 76
99 90
85 32
3 45
20 48
61 38
34 46
79 26
59 6
46 97
23 37
65 35
43 9
68 45
5 24
84 10
41 18
80 21
64 30
84 60
87 73
32 47
18 55
24 40
20 60
59 40
96 45
41 64
60 90
64 26
39 36
32 27
52 95
87 46
26 36
36 85
8 36
37 27
38 16
12 81
15 94
72 29
43 100
95 83
42 32
69 79
10 30
8 46
28 69
70 36
32 67
30 2
29 37
14 38
19 48
66 55
86 6
38 3
4 80
47 92
45 51
49 44
95 85
83 12
68 40
33 58
90 2
6 96
34 53
21 83
14 6
25 47
22 76
53 65
52 93
4 14
22 20
25 72
80 65
55 100
73 61
55 73
56 3
4 86
5 48
63 13
39 98
69 3
1 8
37 77
7 92
10 47
7 83
98 43
86 22
61 97
24 12
17 34
19 53
28 7
19 33
5 31
84 34
49 64
15 99
76 54
57 10
55 2
25 40
99 53
33 11
100 53
100 49
38 45
32 30
62 6
59 47
12 87
70 35
51 56
30 25
88 31
76 8
51 16
74 1
87 60
32 23
98 7
46 5
4 36
4 88
81 56
11 25
76 91
72 63
63 8
74 68
96 18
10 56
37 40
86 12
48 52
88 65
74 23
14 35
91 7
57 95
30 94
49 84
9 53
29 40
53 5
5 60
75 31
11 97
48 65
61 68
64 40
52 21
19 93
2 37
74 47
57 67
27 79
17 36
59 80
95 13
40 10
71 25
49 90
93 75
28 20
32 77
31 43
18 46
86 38
1 60
90 22
51 75
59 97
50 23
70 10
81 9
16 75
49 6
62 68
57 11
77 25
69 49
38 70
61 99
79 94
71 33
89 43
89 95
32 51
48 45
28 53
75 1
17 22
24 34
5 14
88 99
7 73
100 62
87 20
27 17
42 12
17 69
56 26
78 35
49 55
51 96
24 93
84 47
32 34
67 45
33 43
64 39
51 68
4 41
71 35
22 84
93 74
70 5
6 36
75 24
24 86
62 59
88 94
99 60
42 10
47 2
15 68
51 98
22 43
71 13
26 98
72 87
84 4
13 27
15 93
98 38
17 89
81 67
11 77
43 68
30 27
33 90
93 55
12 18
34 10
83 23
72 7
38 32
27 67
11 34
81 24
60 43
48 35
20 32
52 36
25 29
40 54
39 22
47 6
79 18
37 9
43 36
76 15
10 43
91 40
12 4
88 62
68 1
8 64
99 70
79 50
30 55
40 53
90 41
5 62
37 49
45 43
50 78
85 22
72 53
13 62
100 74
54 3
63 54
28 57
70 23
40 1
24 18
28 38
42 90
15 18
12 93
67 83
24 15
83 18
93 39
26 66
35 31
29 64
19 80
80 71
88 18
35 59
92 17
38 6
50 22
30 57
41 35
1 39
46 36
38 63
57 53
23 63
100 92
9 42
7 11
90 94
45 62
5 39
92 22
46 6
96 43
5 56
9 86
79 48
35 51
97 89
30 22
60 72
77 34
28 43
16 1
64 15
29 1
22 58
19 22
81 94
28 45
87 54
49 23
13 28
26 4
10 15
98 27
80 42
16 69
69 88
65 87
97 63
69 22
64 19
94 35
31 29
96 12
21 53
62 73
69 83
67 90
87 56
30 76
67 75
27 69
1 32
31 19
63 1
64 66
89 75
34 49
98 35
5 67
19 25
73 48
43 78
40 56
27 81
29 68
50 15
92 81
84 87
43 66
11 9
7 10
100 98
32 7
30 69
38 41
89 3
24 38
92 9
69 56
1 20
78 90
4 77
18 9
44 12
87 47
9 72
48 10
36 75
6 63
41 34
87 35
36 56
52 8
37 61
26 61
22 57
2 17
1 95
36 40
55 60
23 79
59 48
37 19
70 20
1 73
94 16
72 51
93 41
81 96
2 81
97 90
85 7
5 7
55 13
70 11
59 76
84 7
69 84
51 89
6 50
98 5
63 34
14 88
52 14
85 17
85 8
77 9
34 30
81 62
89 48
1 6
11 80
100 46
20 33
14 25
3 60
94 9
30 50
67 34
56 42
97 31
83 44
76 62
41 54
26 33
4 53
79 25
99 20
7 48
54 93
88 41
63 3
56 6
74 91
64 62
54 17
70 46
25 42
98 2
56 19
95 80
83 10
67 100
87 63
57 61
25 27
14 74
4 37
23 52
19 40
24 70
14 81
96 83
51 69
69 23
33 1
36 80
79 77
70 57
70 21
36 29
18 72
20 75
68 9
23 96
89 15
18 28
46 30
46 19
2 25
9 56
19 70
77 97
79 51
52 28
27 40
60 97
60 32
87 31
28 65
12 73
58 52
81 18
84 73
74 69
99 51
51 44
22 61
91 83
99 41
71 65
83 49
67 64
41 47
46 39
38 93
47 64
33 52
4 90
86 94
58 56
95 73
37 5
22 100
67 58
26 100
34 42
91 18
22 51
50 63
84 76
58 31
71 83
41 52
100 4
48 6
58 16
64 21
91 19
36 12
35 26
63 21
50 36
35 63
19 38
81 79
26 31
43 65
63 47
56 79
75 21
100 23
51 57
2 23
28 73
26 76
9 30
30 13
96 84
25 56
90 46
2 16
89 96
3 95
43 49
71 90
87 34
68 46
21 34
100 50
91 24
55 47
24 44
65 44
65 57
25 6
25 68
38 23
38 46
83 34
77 2
79 96
84 68
61 13
74 8
94 96
10 90
85 49
35 96
2 99
57 34
11 20
20 62
15 40
89 71
88 1
79 70
51 59
53 83
76 47
19 60
59 28
93 63
35 7
1 2
2 3
3 4
4 5
5 6
6 7
7 8
8 9
9 10
10 11
11 12
12 13
13 14
14 15
15 16
16 17
17 18
18 19
19 20
20 21
21 22
22 23
23 24
24 25
25 26
26 27
27 28
28 29
29 30
30 31
31 32
32 33
33 34
34 35
35 36
36 37
37 38
38 39
39 40
40 41
41 42
42 43
43 44
44 45
45 46
46 47
47 48
48 49
49 50
50 51
51 52
52 53
53 54
54 55
55 56
56 57
57 58
58 59
59 60
60 61
61 62
62 63
63 64
64 65
65 66
66 67
67 68
68 69
69 70
70 71
71 72
72 73
73 74
74 75
75 76
76 77
77 78
78 79
79 80
80 81
81 82
82 83
83 84
84 85
85 86
86 87
87 88
88 89
89 90
90 91
91 92
92 93
93 94
94 95
95 96
96 97
97 98
98 99
99 100
