100 500 1 100 989
30 30 30 30 30 30 30 30 30 30 30 30 30 30 30 30 30 30 30 30 30 30 30 30 30 30 30 1 30 30 30 30 30 30 30 30 30 30 30 30 30 30 30 30 30 30 30 30 30 30 30 30 30 30 30 30 30 30 30 30 30 30 30 30 30 30 30 30 30 30 30 30 30 30 30 30 30 30 30 30 30 30 30 30 30 30 30 30 30 30 30 30 30 30 30 30 30 30 30 30
82 52
45 3
53 55
44 67
89 38
56 36
41 3
63 47
99 8
34 14
38 24
52 99
21 79
53 63
61 40
17 91
58 8
31 94
27 64
33 75
4 21
17 77
36 5
70 45
90 80
37 83
47 93
96 5
23 74
55 97
31 83
58 72
64 26
60 98
29 76
52 62
92 59
70 47
86 46
25 4
95 3
85 100
62 77
7 83
68 15
77 69
65 79
50 80
60 24
42 37
50 40
27 57
30 26
61 39
44 58
98 88
17 92
78 76
74 37
94 39
34 56
45 57
12 52
2 12
87 75
25 34
3 38
41 25
92 37
44 93
44 42
90 67
78 41
55 23
49 45
95 79
66 38
2 9
22 73
24 28
67 88
51 57
94 41
6 72
97 57
50 69
49 33
66 32
79 15
87 31
15 23
96 2
11 16
86 42
25 95
58 81
63 66
55 16
43 87
65 54
4 2
31 9
74 41
7 92
97 43
30 89
69 49
90 50
51 98
44 100
8 28
63 46
66 99
8 85
18 16
15 52
34 48
31 4
13 38
12 92
56 33
4 26
54 97
10 70
28 18
74 95
40 4
12 42
97 26
95 37
98 52
100 21
58 50
15 27
10 47
81 3
34 27
31 64
36 45
95 39
58 18
90 14
69 44
83 28
68 36
71 96
3 6
75 11
32 98
79 56
23 92
23 100
29 24
2 59
27 25
44 14
78 61
55 92
80 21
94 30
8 76
81 75
56 77
89 73
78 93
38 74
62 68
97 60
100 20
92 77
33 1
16 56
2 16
98 26
33 36
64 9
40 69
46 42
57 25
93 43
74 15
18 23
83 1
28 57
69 41
58 88
56 3
45 34
91 78
22 65
55 87
99 39
80 5
95 100
31 55
41 11
10 38
82 55
68 56
21 82
51 29
80 58
8 35
34 53
21 66
67 7
36 15
43 98
42 77
7 22
35 66
2 18
83 65
6 43
36 32
98 50
20 72
95 97
54 38
5 28
59 99
31 75
55 60
11 38
96 72
26 7
16 86
57 21
78 64
31 77
59 55
79 75
8 72
36 1
2 17
22 98
42 52
60 15
3 13
89 100
55 1
6 54
85 7
68 83
59 65
19 64
41 18
38 100
13 70
84 8
21 75
18 72
10 27
29 84
16 25
22 84
89 28
48 58
14 92
16 47
97 30
21 55
30 56
86 69
32 62
63 15
55 84
49 8
83 15
92 30
27 56
15 78
90 55
85 57
96 85
93 96
3 49
95 92
27 77
36 88
30 49
61 55
4 93
63 12
14 21
59 1
52 55
100 71
66 54
36 97
58 68
17 3
54 72
4 22
6 91
84 53
73 68
77 85
98 95
18 56
64 97
47 32
67 60
33 26
72 31
92 84
85 71
83 54
55 50
58 6
85 42
43 45
73 13
42 54
62 70
10 25
12 80
38 92
59 71
71 30
48 76
87 37
21 28
59 69
29 27
40 47
71 99
27 60
88 32
92 87
97 23
17 93
55 20
41 8
44 97
50 27
90 39
100 2
60 63
67 42
53 25
94 37
58 83
7 18
32 71
34 96
7 40
28 54
33 6
100 26
30 38
98 37
100 7
94 87
47 20
17 6
16 87
79 90
78 94
90 46
41 82
49 41
17 54
27 86
73 59
62 2
1 96
16 51
70 14
94 92
57 82
37 12
61 87
31 58
92 26
55 95
75 32
92 39
1 18
68 66
60 89
2 21
40 59
13 44
36 83
51 32
61 3
77 20
64 2
95 85
3 93
6 25
76 98
57 6
37 93
9 47
16 19
46 88
67 26
51 65
98 72
1 2
2 3
3 4
4 5
5 6
6 7
7 8
8 9
9 10
10 11
11 12
12 13
13 14
14 15
15 16
16 17
17 18
18 19
19 20
20 21
21 22
22 23
23 24
24 25
25 26
26 27
27 28
28 29
29 30
30 31
31 32
32 33
33 34
34 35
35 36
36 37
37 38
38 39
39 40
40 41
41 42
42 43
43 44
44 45
45 46
46 47
47 48
48 49
49 50
50 51
51 52
52 53
53 54
54 55
55 56
56 57
57 58
58 59
59 60
60 61
61 62
62 63
63 64
64 65
65 66
66 67
67 68
68 69
69 70
70 71
71 72
72 73
73 74
74 75
75 76
76 77
77 78
78 79
79 80
80 81
81 82
82 83
83 84
84 85
85 86
86 87
87 88
88 89
89 90
90 91
91 92
92 93
93 94
94 95
95 96
96 97
97 98
98 99
99 100
