100 4000 1 100 998
200 200 200 200 200 200 200 200 200 200 200 200 200 1 1 200 200 200 200 200 200 200 200 200 200 200 200 200 200 200 200 200 200 200 200 200 200 200 200 200 200 200 200 200 200 200 200 200 200 200 200 200 200 200 200 200 200 200 200 200 200 200 200 200 200 200 200 200 200 200 200 200 200 200 200 200 200 200 200 200 200 200 200 200 200 200 200 200 200 200 200 200 200 200 200 200 200 200 200 200
84 35
16 90
93 60
4 76
91 68
3 59
15 22
1 76
40 9
62 67
62 39
63 8
9 61
15 57
80 30
38 59
64 2
85 20
84 95
19 14
58 8
31 71
44 54
35 24
56 85
96 64
54 30
9 49
76 64
69 79
5 49
66 100
67 93
83 59
10 70
56 12
15 50
85 98
58 24
51 22
26 67
93 98
65 7
81 97
72 74
42 62
30 18
34 14
24 100
57 44
41 15
56 9
67 63
57 91
77 63
84 67
48 50
94 57
95 8
14 90
59 93
96 81
77 40
79 76
82 93
74 28
63 84
61 68
40 1
7 58
57 69
43 29
10 77
46 40
87 81
78 53
100 35
36 83
64 47
3 19
30 1
48 23
97 51
7 15
82 98
7 33
81 29
42 82
25 76
31 8
22 46
30 47
94 85
68 25
80 86
8 75
78 62
79 40
12 61
7 86
44 16
83 42
54 18
38 94
100 80
18 100
31 35
87 26
18 70
57 77
67 46
6 17
39 93
63 66
27 8
77 83
8 96
69 32
95 90
48 85
9 93
73 89
51 56
8 39
20 8
24 80
58 41
63 69
70 34
81 13
58 64
64 33
96 46
4 15
22 90
92 51
34 55
74 68
67 4
34 71
9 83
63 76
39 25
13 37
16 10
2 19
63 7
41 95
73 40
52 92
52 44
71 50
42 14
53 9
72 83
53 48
99 42
62 14
69 86
76 2
64 92
49 75
71 7
83 75
48 64
43 39
21 46
8 15
98 80
81 93
66 48
64 37
77 95
59 66
11 71
68 34
71 37
56 37
79 12
23 91
37 43
95 66
83 57
58 80
72 91
34 1
5 35
77 8
88 5
31 5
71 87
8 57
3 40
61 49
32 38
76 28
69 34
29 85
67 52
24 68
4 13
2 30
95 83
21 79
94 73
77 18
79 57
1 75
27 2
71 14
55 84
52 31
27 3
34 6
29 92
30 96
82 96
93 23
7 91
87 7
31 86
55 73
52 50
70 2
89 8
1 81
48 33
88 42
99 1
51 98
4 26
23 53
9 72
19 97
81 11
59 25
97 43
27 68
87 77
38 90
5 20
4 28
26 9
16 6
45 53
1 92
79 9
95 99
22 48
92 36
48 75
94 31
35 9
8 4
48 84
51 21
4 92
56 25
32 47
91 61
75 62
66 24
45 19
92 28
80 53
46 93
78 31
34 7
47 82
73 24
98 32
63 99
10 42
5 75
8 47
40 100
32 5
9 91
12 85
72 42
61 94
73 88
33 67
99 19
36 78
6 24
76 83
86 93
6 45
62 16
30 7
25 14
90 96
94 98
27 71
69 43
84 38
25 97
15 74
56 47
22 24
72 29
54 13
25 9
91 86
67 58
69 30
57 84
43 70
68 17
75 87
60 87
72 57
77 99
76 95
95 61
28 69
54 89
48 78
1 46
48 2
62 66
24 83
37 84
48 90
5 19
41 3
31 95
26 94
13 57
3 12
53 67
91 74
5 61
52 9
61 19
74 51
92 34
82 13
86 19
20 25
49 88
41 79
1 20
49 69
22 56
77 4
6 67
16 66
48 60
48 59
93 88
54 26
27 88
42 67
39 36
69 3
26 77
53 64
67 31
51 40
77 47
62 6
87 49
56 86
23 56
79 14
42 51
99 57
40 57
70 60
91 56
20 51
66 56
52 72
19 7
41 97
75 55
78 66
50 39
78 99
81 10
1 67
6 15
84 45
67 80
43 82
71 32
95 30
96 21
61 41
47 71
4 64
38 12
2 58
3 56
4 35
29 10
23 49
86 64
27 37
52 62
13 51
25 50
47 91
96 22
28 18
91 51
37 29
57 22
33 20
57 20
77 66
21 72
10 5
92 32
24 47
13 88
48 6
42 45
81 57
12 10
63 89
20 6
68 88
50 88
5 14
8 71
66 11
82 22
5 99
7 28
42 71
86 30
54 93
26 73
49 12
92 17
67 22
20 13
97 83
84 90
87 55
68 55
24 87
44 12
11 69
24 10
86 46
27 91
94 6
47 86
7 54
97 63
57 19
90 61
50 47
87 100
15 37
55 10
87 12
90 82
67 65
78 28
15 56
76 60
83 63
4 41
4 96
73 42
93 11
66 42
96 10
47 4
77 35
99 90
44 56
17 44
73 21
46 26
79 3
64 3
33 25
33 51
57 59
36 66
85 19
87 82
23 18
26 43
50 7
5 80
16 30
88 92
32 66
28 98
41 69
45 63
54 8
71 5
20 66
36 63
35 25
64 12
98 48
24 72
62 86
78 57
28 11
48 54
33 65
95 79
23 78
68 54
76 96
78 90
45 31
48 39
1 35
28 3
87 33
82 6
95 25
66 83
43 56
56 32
84 18
45 64
97 49
3 87
34 67
41 39
29 98
52 16
3 92
68 40
67 40
6 26
22 60
35 44
88 59
38 95
41 94
23 74
61 96
4 18
29 62
53 18
88 76
17 42
78 88
28 22
30 19
90 5
66 38
46 99
90 51
30 92
38 76
28 1
55 5
22 9
59 80
89 41
8 69
8 59
58 72
46 23
83 71
88 65
45 50
27 16
70 7
72 86
31 84
33 54
84 87
13 76
72 31
82 85
88 75
31 75
96 42
99 37
33 78
55 41
36 56
17 15
81 75
71 24
69 67
68 57
36 65
74 4
49 86
36 50
48 57
61 8
74 64
12 70
41 70
20 11
60 67
41 71
99 81
97 90
17 85
8 76
41 43
23 3
44 29
6 76
71 36
56 11
88 94
58 82
55 99
58 94
75 3
12 19
71 74
69 22
14 75
83 31
23 41
54 5
92 74
42 30
22 38
100 92
82 45
29 47
34 79
74 50
10 69
45 5
39 100
84 20
19 82
8 11
11 49
68 73
6 95
19 84
11 54
25 99
70 85
18 6
46 94
71 100
100 88
61 70
86 54
17 74
42 84
30 87
7 43
8 72
17 98
84 92
85 3
81 16
63 9
54 3
47 62
20 92
42 16
39 10
27 14
17 26
64 39
88 77
11 73
61 82
52 80
41 47
92 87
32 9
5 100
73 39
21 27
34 93
92 50
13 28
75 72
72 66
3 60
15 39
79 50
2 75
14 38
27 81
34 48
95 59
74 81
55 62
96 37
37 77
90 88
43 13
4 23
2 99
67 87
51 80
40 56
62 13
5 40
73 25
9 33
58 77
11 97
94 15
39 51
28 43
4 91
64 19
34 94
50 63
30 41
47 13
98 9
14 69
66 98
71 29
2 16
64 18
32 74
32 20
59 75
60 82
73 33
27 24
74 10
92 19
25 22
90 17
24 84
10 50
30 28
37 5
75 86
64 29
50 82
16 24
83 60
36 41
46 13
99 39
91 58
89 6
32 77
42 77
44 38
95 48
78 91
20 17
8 92
84 96
36 32
3 81
34 78
63 16
85 26
6 54
75 37
60 23
65 10
32 97
58 40
34 57
61 23
35 78
63 49
44 46
53 10
17 5
95 51
9 80
36 76
21 58
76 10
55 27
43 79
54 43
11 19
9 94
6 72
55 35
31 15
1 57
23 51
1 11
85 96
72 12
26 52
44 85
45 89
46 83
41 96
52 20
18 95
14 32
13 77
69 29
58 20
26 70
12 100
18 34
80 15
33 10
21 17
37 32
96 72
47 27
74 88
47 99
99 59
60 63
51 65
100 84
95 55
93 56
54 21
68 29
81 26
4 62
14 36
2 42
27 43
58 100
88 48
69 77
73 53
20 81
15 18
4 60
70 23
4 58
76 22
50 3
88 66
39 98
80 25
69 52
30 43
84 44
2 25
92 44
87 1
64 1
26 91
12 81
43 65
94 27
5 24
47 7
58 90
61 56
28 75
86 94
76 29
24 76
98 74
54 49
89 66
65 91
50 64
63 96
25 92
89 16
18 57
2 84
62 89
58 76
89 91
27 32
12 98
63 79
43 23
73 34
14 18
61 66
96 87
99 3
67 88
26 100
83 6
89 24
99 45
42 64
3 49
100 73
8 66
75 52
35 20
34 81
58 38
71 61
73 71
73 98
12 20
82 31
89 53
45 49
100 15
17 91
90 1
46 30
21 98
75 89
90 63
28 16
14 80
29 63
33 88
51 71
44 7
53 19
20 34
89 70
96 5
54 42
72 69
57 39
86 51
94 67
66 34
24 14
43 90
94 48
65 100
77 19
28 9
19 22
40 97
17 19
43 5
96 31
70 94
72 2
67 89
17 34
17 32
46 15
69 55
69 50
93 73
95 34
31 50
73 43
15 35
18 51
34 27
36 74
1 73
44 3
69 15
83 54
28 58
95 15
84 77
50 61
19 69
38 72
4 1
21 64
36 54
15 49
66 3
34 29
83 88
46 34
48 28
77 94
43 68
77 46
25 36
2 37
6 37
95 5
19 9
44 21
94 30
37 85
64 14
84 69
44 100
51 24
52 2
7 62
22 79
22 61
55 45
30 48
60 96
95 33
60 45
76 99
24 21
69 6
78 80
94 87
91 53
97 87
79 32
92 6
88 37
10 28
94 60
88 32
23 73
97 13
29 57
28 94
67 10
83 89
17 97
6 87
52 70
73 20
64 91
78 10
52 91
24 92
54 70
33 2
70 63
22 33
65 31
49 27
49 73
26 53
45 21
45 15
58 50
35 95
51 85
81 86
85 67
15 73
61 67
73 83
11 99
15 86
26 3
7 42
64 17
24 52
97 72
5 48
32 84
49 42
55 43
62 2
51 54
31 7
59 51
85 61
96 23
97 100
71 2
33 42
60 41
43 92
83 33
80 13
67 91
54 10
2 28
86 98
37 80
36 28
9 27
47 23
39 97
11 3
60 24
70 99
74 60
76 90
57 5
69 60
26 71
5 69
84 75
69 33
44 68
71 21
34 98
87 8
25 10
67 2
16 5
1 85
93 35
44 64
84 9
69 39
80 18
1 49
12 84
86 26
77 7
16 35
74 26
28 82
67 32
65 39
33 19
19 1
11 89
100 47
56 100
35 74
23 2
41 29
89 17
46 69
88 26
50 14
33 17
74 89
33 70
70 74
29 82
15 97
81 8
32 8
96 6
72 40
67 81
46 56
92 26
45 83
12 42
93 16
44 27
100 72
6 59
1 100
45 3
53 15
60 62
43 60
19 21
78 8
96 11
55 70
39 22
43 95
40 62
92 9
65 25
83 25
55 19
58 93
78 55
22 27
30 76
85 88
1 37
12 94
99 52
71 30
86 73
97 55
25 7
34 84
2 51
9 74
70 65
65 61
39 31
4 85
100 30
52 60
100 78
12 69
29 60
92 49
79 55
48 77
63 68
92 94
69 89
75 45
34 44
25 70
5 74
59 28
58 30
86 24
44 82
18 58
63 26
14 47
42 36
2 65
96 49
95 100
2 11
22 49
93 43
41 74
87 14
65 8
8 35
12 82
12 66
86 77
75 97
44 67
81 68
19 93
74 8
37 89
13 68
26 75
65 80
88 17
34 97
18 94
51 28
84 27
79 83
45 93
95 22
13 50
36 23
67 21
12 90
52 34
21 95
36 29
69 45
100 53
81 42
80 6
91 88
30 70
53 39
57 73
84 25
81 14
61 30
53 74
70 28
19 87
22 10
95 80
64 85
44 89
16 19
91 70
30 79
13 70
17 14
12 57
84 49
73 67
92 77
54 100
64 28
55 80
67 14
95 49
26 65
8 10
51 27
91 50
43 50
53 76
100 70
52 82
27 20
14 51
92 65
31 12
44 48
15 82
36 62
27 73
35 63
11 31
57 32
45 14
5 41
56 54
3 74
8 1
99 58
29 74
58 83
60 100
99 66
45 98
56 84
58 36
56 97
79 56
96 51
100 37
83 16
8 90
45 35
57 65
21 38
35 51
83 51
36 67
21 31
36 97
46 65
38 45
10 17
41 26
36 93
46 95
21 13
64 90
92 67
1 88
56 67
10 20
31 68
63 22
28 79
10 75
15 67
15 89
34 37
88 57
38 17
83 29
67 43
87 53
87 43
72 46
75 68
29 35
84 91
84 78
58 11
43 89
88 31
8 37
79 52
15 87
72 51
85 81
87 38
70 11
10 99
84 16
29 9
98 49
1 62
77 44
21 8
54 99
19 6
8 41
65 96
61 83
55 40
55 2
54 59
35 37
23 28
63 74
39 68
40 43
54 9
77 79
17 56
23 5
93 5
21 94
23 88
19 76
60 78
86 39
78 69
71 48
43 3
40 36
30 53
1 29
46 25
37 30
82 64
84 71
98 22
74 61
34 85
51 6
28 47
68 36
93 38
43 38
1 69
92 69
93 50
7 61
13 39
11 74
85 62
89 9
39 61
25 16
90 13
57 92
34 36
33 31
33 50
17 51
55 96
51 43
45 57
94 64
36 69
34 39
70 27
54 37
89 86
56 75
16 13
28 50
96 43
40 52
79 19
36 91
100 33
67 49
32 70
16 45
62 34
22 41
31 93
14 88
100 8
4 81
3 1
13 92
25 29
64 9
3 13
36 85
21 39
2 57
61 1
47 90
42 47
11 25
28 89
99 40
38 28
78 20
86 57
55 88
85 2
62 70
19 42
3 16
46 59
17 83
71 43
73 69
10 14
24 43
20 100
70 83
51 25
48 86
54 91
55 58
75 77
31 61
47 54
56 81
80 82
1 23
94 100
16 21
53 22
62 77
65 53
78 65
27 59
93 8
78 81
72 79
96 66
45 20
29 75
59 1
25 4
51 19
41 2
23 95
16 8
17 45
6 43
17 52
54 25
76 78
55 23
72 59
84 68
97 20
74 22
43 48
69 4
51 69
58 62
66 55
40 66
23 15
1 63
7 45
99 53
57 66
57 82
13 31
54 66
48 100
98 78
49 16
65 23
13 78
8 98
76 34
68 9
17 7
38 54
88 35
39 60
14 6
10 4
73 29
49 83
86 6
2 63
27 97
98 79
95 28
57 16
81 72
47 96
32 39
58 29
36 31
35 65
74 87
4 59
60 72
27 74
61 38
46 68
91 42
50 76
36 59
38 80
7 32
61 37
9 24
23 11
35 87
95 64
22 62
71 94
68 77
44 41
76 89
72 92
79 61
11 18
91 83
57 95
83 10
46 54
75 17
94 37
54 64
38 2
1 94
58 61
82 92
91 3
11 24
24 79
66 5
77 22
6 39
31 1
11 37
16 79
49 51
43 12
7 40
34 13
49 41
48 31
2 39
27 15
16 12
45 87
49 44
63 38
42 59
37 67
90 29
68 5
22 54
45 66
39 85
95 32
33 14
36 5
1 44
80 62
15 71
73 3
83 85
60 13
43 64
98 37
4 22
6 21
96 56
47 93
40 18
29 89
55 39
50 78
92 10
25 75
65 86
90 53
41 82
96 93
11 85
50 46
14 61
41 27
59 10
57 4
24 97
67 71
16 78
93 4
45 80
1 52
8 52
78 40
35 56
24 77
66 51
24 70
96 77
28 96
75 92
35 92
77 98
99 60
73 65
59 45
96 91
37 31
94 63
42 25
55 30
74 6
54 75
2 54
13 59
29 5
44 47
90 94
51 1
40 38
52 39
38 88
83 2
77 51
65 15
53 86
10 37
56 60
18 12
41 77
22 12
64 68
6 64
54 45
77 17
28 44
74 20
82 72
67 76
98 62
2 80
8 85
48 82
36 8
80 74
33 63
98 30
66 15
22 71
13 35
49 21
84 54
29 39
83 94
29 24
97 62
65 95
76 49
86 22
26 10
17 84
82 23
67 64
25 64
63 28
8 79
71 6
47 34
38 11
86 29
14 41
48 93
51 76
22 70
80 91
68 32
90 31
89 18
60 7
17 12
91 10
49 99
33 81
24 1
37 82
61 26
24 95
50 67
43 59
77 72
61 57
42 27
53 13
1 68
49 4
70 5
19 38
15 83
43 4
97 48
78 29
78 51
21 90
18 83
35 48
93 61
80 60
76 15
59 40
86 1
7 26
39 67
85 32
98 68
34 80
58 73
77 23
60 88
34 54
80 28
81 21
40 88
8 80
99 21
43 61
15 32
38 16
1 14
11 29
32 82
38 67
17 9
26 55
72 64
59 18
72 47
2 35
2 82
59 44
72 20
65 37
52 90
31 100
73 30
33 72
36 70
59 41
36 38
90 98
71 99
2 90
18 32
67 17
88 64
37 4
37 40
99 64
75 21
68 96
35 40
54 72
25 62
23 76
3 25
24 31
27 35
88 8
41 92
42 22
64 60
46 84
7 88
79 20
87 37
98 67
63 72
97 82
53 57
95 60
12 86
85 52
74 49
43 77
79 51
19 29
18 16
89 68
58 96
58 88
77 20
29 66
15 2
79 86
77 81
66 94
51 16
82 27
70 38
8 6
98 20
80 50
52 4
39 77
21 3
46 74
35 94
76 3
91 40
41 32
87 91
29 31
25 43
14 46
45 10
79 7
28 66
7 66
97 30
47 12
67 27
27 96
47 92
96 52
88 30
17 80
63 11
79 29
72 61
42 6
28 90
55 64
59 74
79 38
52 46
76 40
5 22
74 77
83 20
62 28
71 35
16 72
18 5
92 53
93 100
99 65
2 91
33 23
71 88
14 35
54 40
17 36
69 31
23 50
37 59
59 22
52 95
49 100
1 78
21 93
88 36
91 48
24 44
55 18
62 18
78 37
37 76
35 57
27 93
72 67
98 55
88 16
57 37
66 30
100 27
88 79
49 91
82 24
66 33
11 52
52 3
58 98
40 33
37 46
18 20
53 33
4 50
58 14
81 48
40 31
30 77
83 23
38 77
100 10
100 91
53 59
95 4
49 89
78 89
35 30
16 4
8 34
89 48
89 72
93 72
49 20
31 79
4 89
10 63
10 3
86 33
48 29
94 74
80 85
97 38
61 59
86 9
69 80
86 32
94 3
74 95
2 73
80 36
67 48
44 50
7 49
49 43
57 14
25 74
19 25
41 72
69 94
32 44
11 22
69 54
73 36
56 45
31 58
23 39
92 23
16 74
99 27
38 29
1 43
10 6
2 98
7 83
50 54
44 42
48 56
91 1
87 80
15 55
24 98
29 91
92 33
31 76
68 21
21 2
1 5
51 11
20 64
52 81
88 39
48 69
28 21
68 35
55 59
76 80
28 45
55 77
91 31
51 41
92 2
26 8
88 22
65 55
61 69
26 64
59 9
21 87
65 45
60 55
13 86
99 48
7 90
17 72
43 75
39 44
83 27
21 74
61 40
4 21
83 53
50 38
91 20
61 55
85 33
24 61
53 71
22 65
30 44
71 86
46 24
19 31
36 30
17 93
78 18
36 100
79 36
16 70
7 37
45 88
69 47
80 73
85 87
8 86
32 76
91 18
65 41
23 90
61 16
27 50
93 99
60 51
77 15
4 61
61 21
66 82
29 87
3 7
39 81
33 13
64 69
29 14
92 85
86 97
37 79
29 77
83 34
79 39
42 58
4 99
7 53
44 79
80 41
84 65
16 60
14 11
40 92
55 90
63 27
35 54
28 26
22 91
44 96
100 9
82 9
20 14
26 96
36 96
11 80
49 60
13 23
17 73
9 77
55 31
29 55
56 49
91 41
100 79
44 15
83 28
81 15
36 1
73 60
9 62
56 74
41 35
72 88
84 52
8 73
6 99
54 78
59 65
26 48
96 79
22 58
71 65
18 10
2 79
46 41
63 40
38 98
51 100
19 39
72 11
78 64
10 48
12 93
55 22
79 68
31 89
45 91
72 80
97 18
98 52
85 30
29 45
4 27
37 83
71 28
35 62
79 15
58 46
64 61
69 90
70 3
80 40
2 53
35 42
16 53
5 53
5 63
91 43
51 36
93 2
13 91
65 48
38 82
12 27
51 93
71 98
78 70
40 94
22 66
22 17
28 72
87 4
41 11
75 67
56 10
27 53
2 59
91 82
44 72
87 22
87 63
66 27
50 62
97 99
85 90
13 42
43 18
61 15
36 33
13 10
38 89
68 76
29 53
64 38
1 53
30 89
20 99
80 3
50 100
40 26
36 11
26 76
63 52
25 31
48 58
97 71
71 92
44 4
25 37
41 9
98 25
15 72
39 27
94 59
42 100
24 4
94 97
9 81
25 49
44 62
57 51
67 83
69 100
11 88
9 58
39 95
32 35
100 21
9 96
43 21
53 58
46 53
97 69
24 54
21 10
89 39
47 19
5 82
35 89
97 37
9 60
96 100
80 43
28 8
30 6
56 99
63 98
42 87
75 60
33 35
81 5
8 51
47 18
57 17
77 2
53 79
70 8
58 68
58 17
1 96
11 100
65 93
62 64
45 27
67 54
64 97
59 20
15 40
32 30
76 42
99 68
52 74
97 14
89 21
62 71
21 91
6 28
21 11
25 38
71 52
93 84
96 83
42 93
78 42
52 83
90 66
71 69
63 55
44 74
63 13
84 80
67 7
18 44
80 7
78 85
3 63
70 64
23 26
99 17
32 48
41 33
10 40
19 94
25 13
75 41
18 24
47 60
69 59
63 51
19 10
22 85
69 18
78 9
34 59
38 81
87 10
55 12
39 71
47 40
2 22
66 53
17 40
63 57
18 49
34 86
97 6
37 18
61 29
67 74
24 34
20 22
29 95
35 47
15 63
50 22
9 73
37 68
13 74
11 59
54 23
50 18
83 4
38 13
54 14
94 16
18 66
10 66
15 5
68 19
67 57
54 52
97 74
37 39
85 69
33 91
73 78
64 93
38 9
52 14
89 36
18 72
67 25
31 54
13 95
34 82
32 58
47 43
1 39
69 40
79 84
84 74
83 64
82 53
11 32
51 10
27 98
19 74
99 8
10 68
46 78
76 14
13 6
34 99
76 56
13 79
76 43
17 46
90 25
97 65
41 54
44 78
7 14
13 98
64 59
32 54
15 60
38 74
97 60
71 40
25 17
59 49
23 98
47 68
23 8
9 18
72 99
47 11
71 89
21 32
50 89
54 12
29 17
57 28
10 38
67 11
80 48
16 31
38 33
74 37
98 96
73 50
9 85
67 3
60 58
40 93
61 28
62 95
69 16
56 59
73 62
86 36
88 52
42 57
38 42
86 45
15 34
76 86
78 92
60 68
52 25
2 95
33 43
79 35
27 76
18 52
24 63
76 87
23 66
57 3
73 46
16 23
39 58
3 17
92 18
54 82
77 14
64 35
31 74
51 45
53 50
73 59
63 88
98 42
33 61
46 11
26 35
58 51
73 35
45 71
97 53
98 92
90 74
82 86
14 63
61 81
65 32
50 86
20 65
2 61
90 67
100 67
82 75
49 71
29 80
90 73
27 48
49 24
73 14
24 13
14 86
1 58
31 64
69 9
75 66
41 31
24 40
86 90
88 2
91 71
46 4
21 33
49 30
90 9
87 9
89 96
60 65
61 97
95 12
89 92
93 74
1 10
94 54
13 7
32 96
85 95
83 1
47 75
9 97
16 11
25 5
94 43
39 94
28 17
83 80
26 49
34 45
37 51
15 38
70 84
46 16
84 94
31 34
32 53
17 39
66 17
52 49
32 59
74 43
66 25
90 19
18 38
14 92
15 26
49 94
35 17
82 10
65 11
14 82
23 94
80 57
81 69
75 16
67 77
98 87
36 57
32 28
62 21
44 19
27 95
18 96
97 31
85 42
57 11
84 15
30 62
99 32
24 65
28 25
4 82
70 68
64 100
61 92
3 36
89 87
73 77
12 29
80 88
73 38
28 15
80 49
21 42
47 20
21 12
86 88
11 17
57 55
84 11
87 28
80 47
80 54
5 72
13 29
36 43
92 59
27 78
58 65
42 50
75 36
62 43
23 32
33 68
33 29
4 73
73 66
8 53
77 45
53 62
6 77
90 37
42 11
15 11
75 35
65 54
65 5
97 88
88 96
57 46
53 20
6 47
29 52
45 26
80 10
24 56
65 19
57 41
60 12
92 99
13 52
40 12
48 68
80 66
89 57
68 87
26 21
20 44
59 76
3 90
49 78
99 22
84 73
4 66
94 68
65 30
50 68
9 34
16 22
62 24
32 61
95 89
75 94
85 45
87 59
90 24
80 16
70 57
43 57
80 99
73 32
56 39
31 51
20 29
27 31
31 77
72 37
8 5
40 8
24 30
43 31
89 46
16 48
47 15
61 18
59 71
73 41
17 8
66 86
83 13
99 74
35 66
39 84
2 45
45 78
46 32
41 50
86 42
21 52
6 36
42 65
69 95
32 16
7 59
68 41
98 33
52 56
28 41
79 74
52 68
37 48
33 94
79 81
17 37
53 98
53 14
82 7
60 38
18 85
84 86
32 78
74 42
41 88
29 8
81 95
24 74
90 44
38 85
41 48
39 12
9 4
44 86
23 19
29 32
81 32
11 68
76 92
72 49
86 52
3 31
63 31
9 16
20 61
44 83
21 47
6 23
70 42
84 47
19 8
87 41
37 66
79 75
11 86
87 46
89 61
40 45
24 36
15 25
41 53
99 24
25 94
6 91
89 51
5 51
83 5
47 25
69 82
93 70
70 98
33 16
78 63
100 77
52 32
21 50
90 80
37 12
33 62
87 54
81 22
87 32
98 100
54 90
70 90
46 76
35 22
64 81
7 85
59 68
77 53
43 63
20 80
77 36
59 89
26 68
45 36
73 99
64 32
40 64
81 23
2 17
72 98
25 81
65 79
33 4
79 27
84 59
85 72
7 11
99 31
3 5
2 18
70 53
35 43
70 73
58 12
31 23
95 7
89 20
54 28
92 15
12 14
34 41
24 55
100 68
59 86
29 49
55 32
47 5
49 13
3 47
93 33
16 91
97 7
42 94
30 52
74 39
47 63
94 8
73 64
34 50
44 87
52 5
40 29
34 72
78 94
61 46
3 24
58 97
56 68
88 61
49 8
9 20
23 64
5 30
84 82
14 39
42 20
67 8
58 47
95 11
43 53
84 30
15 88
12 25
85 77
66 43
61 84
27 87
69 25
33 96
59 85
86 61
11 90
36 60
41 85
48 55
33 59
97 68
25 1
10 84
54 71
73 22
58 87
55 85
89 94
52 48
36 55
62 11
83 14
4 11
89 25
73 37
95 3
40 81
58 86
92 37
68 38
29 59
68 78
2 6
7 36
91 55
13 75
32 63
38 7
21 29
67 20
53 12
3 22
57 50
48 38
14 2
51 87
81 37
98 75
71 9
96 99
60 30
72 43
94 47
20 28
60 10
7 96
52 77
83 98
90 65
89 10
27 18
79 82
29 26
23 27
26 57
30 40
26 16
91 34
32 22
82 49
76 45
91 12
45 96
4 34
88 34
54 57
46 18
38 8
42 9
6 65
56 1
42 63
64 15
27 25
85 79
23 99
58 70
13 15
6 63
47 79
35 59
54 61
53 11
33 57
62 49
22 30
98 7
64 66
14 16
84 50
57 74
76 74
82 88
43 19
25 93
45 61
46 71
88 51
74 65
12 48
9 30
100 62
64 10
25 85
92 58
52 23
24 2
60 32
96 53
35 97
20 63
82 77
53 25
44 65
71 19
26 42
56 89
12 92
47 39
62 45
79 71
4 54
4 71
33 60
97 54
45 11
15 93
70 48
73 51
36 4
1 13
61 25
81 7
93 37
34 77
54 96
20 75
33 80
62 10
72 10
94 24
23 57
3 34
69 23
57 21
82 63
82 76
30 8
85 27
49 33
12 83
21 76
26 2
9 5
82 89
25 86
34 60
46 80
60 26
72 32
93 22
49 68
59 63
49 64
39 82
59 91
75 4
6 55
69 76
51 7
43 99
63 54
28 12
57 71
93 83
23 58
23 62
50 12
31 60
24 20
3 61
84 6
1 55
67 79
51 48
89 47
37 9
48 11
79 66
41 67
81 30
87 70
61 42
91 44
36 82
5 59
99 14
31 85
100 57
100 63
41 56
17 27
53 42
7 57
55 89
8 43
16 55
64 34
26 19
17 65
88 3
70 45
71 66
80 70
3 71
39 24
97 95
65 3
54 98
81 60
68 65
90 4
89 33
44 31
22 36
7 69
46 8
100 86
77 5
73 54
98 91
71 64
18 81
8 13
68 30
16 1
23 37
95 92
27 10
5 50
14 37
82 74
23 34
6 32
21 25
66 39
13 69
47 88
31 59
79 93
42 46
73 96
19 75
31 92
21 88
46 98
84 22
97 5
35 39
27 56
54 77
12 67
57 24
31 98
20 37
24 26
100 19
19 58
66 2
32 43
42 5
86 28
43 20
39 54
8 64
70 75
12 8
61 53
38 27
13 66
93 91
10 57
35 49
75 32
95 16
56 16
27 7
21 5
53 68
56 64
29 94
27 1
8 33
32 10
49 2
3 78
30 10
51 3
69 83
81 35
15 30
70 21
1 48
1 21
49 31
34 38
77 91
36 90
61 80
41 1
90 34
61 76
38 24
35 85
23 79
39 96
80 63
73 47
27 52
91 85
9 50
1 33
98 44
51 75
11 87
54 19
81 6
19 70
14 30
66 41
53 69
45 68
46 85
20 90
96 67
49 6
60 50
71 20
72 45
22 72
4 42
13 56
4 38
35 23
52 64
57 96
69 65
91 24
30 20
11 61
85 21
12 9
21 59
22 8
51 26
45 30
41 19
32 80
47 1
1 97
72 50
99 79
78 75
38 31
7 52
83 68
49 19
40 75
58 89
33 46
93 52
58 15
91 73
71 77
1 22
86 2
28 52
69 75
82 51
89 85
98 88
84 7
96 24
80 77
81 19
43 34
40 95
95 47
73 95
25 100
46 35
7 29
27 5
33 76
77 33
71 80
62 17
95 36
40 50
97 33
32 3
41 100
81 53
15 90
60 54
12 73
92 54
22 44
74 7
44 26
50 37
69 62
98 18
56 34
56 87
75 95
25 6
74 12
29 42
11 91
34 74
68 93
22 43
73 61
63 75
81 65
57 49
83 92
70 4
89 79
77 65
59 98
57 97
1 95
91 39
35 76
78 86
26 79
88 99
94 55
83 56
45 90
62 20
38 47
4 100
82 65
38 5
89 7
88 18
64 98
55 11
82 21
90 77
19 40
88 6
7 99
66 74
7 10
83 8
50 56
60 21
48 36
1 9
17 60
5 91
8 24
52 47
85 14
81 49
6 70
18 90
4 30
56 82
54 27
75 71
18 8
51 99
67 18
81 83
35 28
6 4
26 38
56 8
24 93
70 50
85 76
26 13
87 61
1 70
69 87
52 6
58 95
34 32
44 10
93 57
97 3
75 30
81 70
72 1
36 2
74 33
85 47
5 62
52 59
39 33
81 46
9 46
83 47
75 100
75 33
14 55
58 35
84 51
20 3
46 31
6 50
15 1
24 12
64 84
31 14
58 34
99 87
28 37
24 53
71 93
76 57
51 29
45 18
77 25
96 34
91 14
66 97
54 76
25 58
87 83
1 65
88 43
84 58
84 5
46 66
33 37
78 52
58 71
76 12
65 52
35 67
3 98
30 11
70 76
64 79
16 97
47 57
97 89
60 37
20 68
95 70
26 33
95 42
38 65
60 20
55 47
34 22
97 4
16 37
56 78
37 95
13 61
47 10
63 4
20 40
7 2
30 34
23 72
69 88
77 89
76 39
81 44
95 26
85 43
62 31
5 46
98 65
52 73
69 17
32 83
70 92
85 71
62 57
30 51
65 87
72 84
14 48
69 74
69 42
58 44
70 66
38 86
87 93
7 18
7 24
27 11
58 43
20 41
60 86
75 34
30 57
2 78
32 13
77 28
2 60
61 10
76 97
67 45
83 35
86 67
82 26
89 42
54 88
57 75
74 100
7 56
94 65
14 3
3 48
75 46
1 45
30 99
17 31
9 2
65 21
94 96
59 78
17 30
78 30
5 73
7 35
61 48
80 4
7 68
89 52
95 44
82 8
56 21
81 54
92 21
45 97
29 96
10 35
17 24
55 42
15 68
58 69
66 68
90 30
8 68
99 85
72 7
50 83
51 34
87 13
46 39
11 43
14 60
30 3
39 16
70 29
66 58
25 88
49 53
55 72
77 97
12 41
17 13
53 3
65 72
20 55
6 11
2 68
76 73
24 45
41 78
27 80
96 40
15 3
42 80
53 28
37 91
94 52
63 39
64 7
56 69
8 62
81 59
42 68
81 84
28 68
55 74
51 61
58 81
2 69
81 71
70 77
78 38
20 48
90 49
43 15
51 9
59 15
56 5
52 43
44 37
2 5
61 27
81 36
17 55
78 15
52 87
31 10
26 66
65 29
76 100
5 34
84 41
11 64
94 2
59 96
27 29
7 48
60 6
3 86
80 96
15 21
27 77
28 24
59 100
89 65
2 31
66 49
89 3
33 56
79 87
45 37
75 90
2 13
84 26
21 35
12 62
2 10
8 91
76 65
63 95
60 28
100 3
55 67
55 50
46 79
7 55
86 96
63 41
9 13
3 96
96 25
50 94
31 81
92 63
60 42
73 45
98 14
82 11
79 18
87 34
4 45
92 86
44 99
93 18
94 81
26 30
92 80
79 70
41 62
48 13
22 13
32 4
100 14
62 59
62 46
16 98
80 94
17 54
21 86
73 85
71 56
64 30
51 32
7 75
59 30
40 21
93 28
12 35
53 17
48 73
16 43
4 31
47 22
13 96
41 52
18 68
72 4
84 1
39 30
50 75
25 82
2 46
37 42
24 69
92 46
5 86
91 15
76 55
59 17
12 65
30 13
72 30
9 14
59 67
93 20
37 3
39 49
2 12
71 78
47 66
19 88
77 1
61 34
18 29
92 16
70 67
1 42
89 34
99 83
42 8
89 80
57 85
36 46
13 99
11 79
50 29
35 98
84 89
20 4
98 36
41 81
90 6
9 31
66 9
22 26
18 56
66 21
55 21
56 53
10 52
62 83
88 56
55 4
70 44
89 12
44 25
48 9
20 38
40 53
18 39
17 70
40 11
57 64
73 92
82 59
7 9
7 4
9 21
60 98
82 16
78 21
95 56
91 38
23 71
3 6
41 10
17 86
87 18
23 21
97 2
29 4
80 97
1 66
97 46
95 14
85 40
79 59
99 26
36 49
46 55
40 87
45 47
87 5
65 14
13 85
82 35
99 18
98 50
39 87
73 81
93 55
96 16
94 4
27 90
18 42
74 14
18 3
52 45
71 60
4 39
33 12
33 44
32 1
24 59
90 93
47 59
30 38
1 7
99 84
61 44
5 64
69 66
100 89
35 3
93 62
20 82
88 62
59 19
94 53
47 2
73 16
32 19
31 28
84 97
82 78
26 98
32 12
36 61
90 46
19 62
68 12
50 65
76 9
1 54
28 84
89 98
95 45
58 63
56 90
62 91
81 43
60 66
75 9
2 87
19 66
12 63
90 41
26 18
65 62
10 58
50 90
93 10
71 82
72 35
21 37
56 63
59 16
44 9
52 37
80 1
8 97
2 32
68 16
19 60
38 3
14 26
82 46
67 97
86 20
48 42
94 45
88 81
27 69
89 60
100 23
90 72
29 46
50 99
60 44
63 73
75 24
61 63
97 85
50 11
37 49
100 46
53 88
45 74
15 85
1 2
2 3
3 4
4 5
5 6
6 7
7 8
8 9
9 10
10 11
11 12
12 13
13 14
14 15
15 16
16 17
17 18
18 19
19 20
20 21
21 22
22 23
23 24
24 25
25 26
26 27
27 28
28 29
29 30
30 31
31 32
32 33
33 34
34 35
35 36
36 37
37 38
38 39
39 40
40 41
41 42
42 43
43 44
44 45
45 46
46 47
47 48
48 49
49 50
50 51
51 52
52 53
53 54
54 55
55 56
56 57
57 58
58 59
59 60
60 61
61 62
62 63
63 64
64 65
65 66
66 67
67 68
68 69
69 70
70 71
71 72
72 73
73 74
74 75
75 76
76 77
77 78
78 79
79 80
80 81
81 82
82 83
83 84
84 85
85 86
86 87
87 88
88 89
89 90
90 91
91 92
92 93
93 94
94 95
95 96
96 97
97 98
98 99
99 100
